;GL_SpectroSoft	3.1.07
;SPX	6.4.2(0.7.2)
Pos	Name	x2	y2	u2'	v2'	L2	a2	b2	X2	Y2	Z2	x10	y10	y10	u10'	v10'	L10	a10	b10	X10	Y10	Z10	CCT	ChErr	Duv	ColPeak	ColPeakVal	Lambda2	ColDom	LumInt	LumEff	Purity	Radiometric	Ra	R1	R2	R3	R4	R5	R6	R7	R8	R9	R10	R11	R12	R13	R14	R15	Mivis	Miuv	Binning	Brightness	Pass
										lx													K			nm		nm	nm				W/m²																					
1	2019-03-29T09:13:09	0.2419	0.317	0.1531	0.4514	63.09	-29.37	-15.88	357.2	468.05	651.29	0.2469	0.3261	0.3261	0.1539	0.4572	63.84	-30.46	-12.94	400.89	529.36	693.18	12428	0.036	0.0371	476.85	11.27	148.54	489.4				1.7494	71	59.7	80	83.2	59.1	67.5	79.9	83.6	54.9	0	66	54.2	70.1	62.9	88	49.6	3.2	5.8			
2	2019-03-29T09:13:39	0.2418	0.3169	0.1531	0.4514	63.09	-29.4	-15.91	349.58	458.18	637.96	0.2468	0.326	0.326	0.1538	0.4571	63.84	-30.48	-12.97	392.37	518.22	679.01	12431	0.036	0.0371	476.85	11.05	148.68	489.4				1.7137	70.9	59.6	79.9	83.1	59	67.5	79.9	83.5	54.8	0	66	54	70.1	62.8	88	49.5	3.2	5.8			
3	2019-03-29T09:14:09	0.2416	0.3167	0.153	0.4512	63.07	-29.41	-16	346.58	454.36	633.79	0.2466	0.3258	0.3258	0.1537	0.457	63.82	-30.5	-13.06	389.04	513.95	674.63	12531	0.036	0.0372	476.85	10.97	148.6	489.4				1.7011	70.9	59.5	79.9	83.2	59	67.4	79.8	83.6	54.8	0	65.8	54	70	62.7	88	49.4	3.2	5.8			
4	2019-03-29T09:14:39	0.2414	0.3165	0.1529	0.4511	63.05	-29.4	-16.06	340.56	446.45	623.56	0.2465	0.3256	0.3256	0.1537	0.4569	63.8	-30.49	-13.12	382.29	505.05	663.8	12567	0.036	0.0372	476.85	10.79	148.72	489.3				1.675	70.9	59.5	79.8	83.3	59	67.4	79.8	83.6	54.9	0	65.8	54	70	62.7	88	49.4	3.2	5.8			
5	2019-03-29T09:15:09	0.2413	0.3163	0.1529	0.4509	63.03	-29.4	-16.13	340.74	446.68	624.87	0.2463	0.3254	0.3254	0.1536	0.4567	63.79	-30.51	-13.2	382.47	505.38	665.2	12592	0.036	0.0372	476.85	10.81	148.44	489.3				1.6777	71	59.5	79.8	83.2	59.1	67.5	79.8	83.7	55	0	65.8	54	70	62.7	88	49.5	3.2	5.8			
6	2019-03-29T09:15:39	0.2411	0.316	0.1529	0.4507	63.01	-29.35	-16.23	340.85	446.65	626.08	0.2461	0.3251	0.3251	0.1536	0.4565	63.76	-30.48	-13.29	382.58	505.43	666.55	12631	0.036	0.0372	476.85	10.82	148.45	489.3				1.6786	71	59.6	79.9	83.3	59.2	67.5	79.8	83.7	55.2	0	65.9	54.1	70.1	62.8	88	49.7	3.2	5.8			
7	2019-03-29T09:16:09	0.2412	0.3158	0.153	0.4506	63	-29.27	-16.27	336.98	441.26	618.98	0.2461	0.325	0.325	0.1537	0.4565	63.75	-30.41	-13.32	378.2	499.36	658.98	12638	0.036	0.0371	476.85	10.69	148.41	489.3				1.6584	71.1	59.8	80	83.3	59.3	67.7	79.9	83.8	55.4	0	66.1	54.3	70.2	62.9	88	49.9	3.1	5.8			
8	2019-03-29T09:16:39	0.2414	0.3159	0.1531	0.4507	63	-29.2	-16.23	334.95	438.33	614.48	0.2463	0.325	0.325	0.1538	0.4565	63.75	-30.35	-13.29	375.91	496.01	654.24	12597	0.036	0.037	476.85	10.62	148.56	489.3				1.6462	71.2	59.9	80	83.3	59.4	67.7	80	83.7	55.4	0	66.2	54.4	70.3	63	88.1	50	3.1	5.8			
9	2019-03-29T09:17:09	0.2414	0.316	0.1531	0.4508	63.01	-29.23	-16.2	333.32	436.28	611.16	0.2464	0.3251	0.3251	0.1538	0.4566	63.76	-30.36	-13.26	374.1	493.66	650.67	12597	0.036	0.037	476.85	10.54	148.73	489.3				1.6369	71.1	59.8	80	83.3	59.3	67.7	80	83.7	55.2	0	66.1	54.3	70.3	63	88	49.8	3.2	5.8			
10	2019-03-29T09:17:39	0.2412	0.3158	0.1529	0.4506	62.99	-29.27	-16.27	330.59	432.91	607.3	0.2461	0.3249	0.3249	0.1537	0.4564	63.75	-30.39	-13.33	371.08	489.88	646.64	12641	0.036	0.0371	476.85	10.48	148.81	489.3				1.6253	71	59.6	79.9	83.2	59.2	67.6	79.9	83.7	55	0	65.9	54.2	70.2	62.8	88	49.6	3.2	5.8			
11	2019-03-29T09:18:09	0.2408	0.3156	0.1527	0.4505	62.98	-29.38	-16.36	328.78	431.03	605.83	0.2457	0.3248	0.3248	0.1534	0.4563	63.74	-30.51	-13.42	369.11	487.82	645.07	12726	0.036	0.0372	476.85	10.44	148.65	489.2				1.6196	70.9	59.4	79.8	83.2	59	67.4	79.7	83.7	54.9	0	65.6	53.9	69.9	62.6	88	49.4	3.2	5.8			
12	2019-03-29T09:18:39	0.2403	0.3152	0.1525	0.4501	62.94	-29.41	-16.53	331.14	434.3	612.55	0.2453	0.3244	0.3244	0.1533	0.456	63.7	-30.56	-13.58	371.79	491.66	652.3	12797	0.036	0.0373	476.85	10.56	148.53	489.2				1.6367	70.8	59.2	79.7	83.1	58.8	67.3	79.6	83.6	54.8	0	65.5	53.7	69.9	62.4	87.9	49.2	3.2	5.8			
13	2019-03-29T09:19:10	0.2402	0.3147	0.1526	0.4499	62.9	-29.3	-16.66	329.17	431.33	610.03	0.2451	0.3239	0.3239	0.1533	0.4558	63.67	-30.48	-13.71	369.55	488.39	649.71	12859	0.036	0.0372	476.85	10.5	148.44	489.1				1.631	71	59.5	79.8	83.2	59	67.4	79.7	83.8	55.2	0	65.7	53.9	70	62.6	88	49.6	3.2	5.8			
14	2019-03-29T09:19:40	0.2404	0.3147	0.1528	0.4499	62.9	-29.18	-16.65	332.48	435.17	615.26	0.2453	0.3239	0.3239	0.1534	0.4558	63.66	-30.38	-13.69	373.19	492.73	655.29	12859	0.036	0.037	476.85	10.6	148.4	489.1				1.6478	71.2	59.8	79.9	83.4	59.4	67.7	79.8	83.9	55.7	0	66	54.3	70.2	62.9	88.1	50	3.1	5.8			
15	2019-03-29T09:20:10	0.241	0.3151	0.1531	0.4502	62.94	-29.07	-16.46	339.98	444.42	626.03	0.2459	0.3243	0.3243	0.1537	0.4561	63.7	-30.26	-13.52	381.51	503.07	666.69	12734	0.036	0.0368	476.85	10.78	148.67	489.2				1.6817	71.4	60.2	80.1	83.4	59.7	68	80	84	56.1	0	66.3	54.7	70.4	63.3	88.2	50.5	3.1	5.8			
16	2019-03-29T09:20:40	0.2373	0.3087	0.1524	0.446	62.4	-28.35	-18.55	237.78	309.26	454.82	0.2419	0.3183	0.3183	0.1528	0.4521	63.2	-29.81	-15.54	266.94	351.14	485.22	13756	0.035	0.0364	476.85	7.73	147.76	488.4				1.1889	71.4	60.1	80.1	83	59.6	68.1	80.1	84	56.2	0	66.5	54.5	71	63.1	87.9	50.6	3.2	5.8			
17	2019-03-29T09:21:10	0.2415	0.3146	0.1535	0.45	62.89	-28.69	-16.55	322.33	419.9	592.6	0.2463	0.3237	0.3237	0.1541	0.4558	63.65	-29.89	-13.63	361.63	475.29	631.31	12726	0.035	0.0364	476.85	10.17	149.25	489.1				1.5889	71.8	60.8	80.4	83.6	60.2	68.4	80.3	84.1	56.5	0	66.8	55.3	70.8	63.8	88.3	51	3.1	5.8			
18	2019-03-29T09:21:40	0.2413	0.3145	0.1534	0.4499	62.88	-28.76	-16.6	315.83	411.69	581.59	0.2461	0.3236	0.3236	0.154	0.4557	63.64	-29.94	-13.68	354.4	466.01	619.67	12756	0.035	0.0365	476.85	9.97	149.47	489.1				1.5555	71.6	60.5	80.3	83.6	60	68.2	80.2	84.1	56.2	0	66.6	55.1	70.7	63.6	88.3	50.7	3.1	5.8			
19	2019-03-29T09:22:10	0.241	0.3149	0.1531	0.4501	62.92	-29.04	-16.52	318.83	416.68	587.66	0.2459	0.324	0.324	0.1538	0.4559	63.67	-30.17	-13.61	357.9	471.6	626.14	12756	0.036	0.0368	476.85	10.08	149.82	489.1				1.5711	71.3	59.9	80	83.5	59.6	67.8	79.9	84	55.6	0	66	54.5	70.3	63.1	88.2	50.1	3.1	5.8			
20	2019-03-29T09:22:40	0.2403	0.3147	0.1527	0.4499	62.91	-29.25	-16.64	316.96	415.13	586.86	0.2453	0.3238	0.3238	0.1534	0.4557	63.66	-30.38	-13.72	355.91	469.96	625.32	12859	0.036	0.0371	476.85	10.06	149.73	489.1				1.5672	71	59.5	79.7	83.4	59.2	67.5	79.7	83.9	55.2	0	65.6	54.1	70	62.6	88.1	49.6	3.2	5.8			
21	2019-03-29T09:23:10	0.2397	0.3143	0.1523	0.4496	62.87	-29.38	-16.83	324.49	425.58	603.9	0.2446	0.3235	0.3235	0.153	0.4554	63.63	-30.54	-13.89	364.42	481.98	643.5	12964	0.036	0.0373	476.85	10.35	149.16	489.1				1.6112	70.8	59.2	79.6	83.3	58.9	67.3	79.5	83.8	55.1	0	65.3	53.7	69.9	62.3	88	49.3	3.2	5.8			
22	2019-03-29T09:23:40	0.24	0.3143	0.1526	0.4496	62.87	-29.25	-16.79	325.04	425.75	603.7	0.2449	0.3235	0.3235	0.1532	0.4555	63.63	-30.44	-13.84	364.93	482.17	643.24	12889	0.036	0.0372	476.85	10.36	149.17	489.1				1.6178	71.1	59.6	79.8	83.2	59.3	67.6	79.7	83.9	55.6	0	65.8	54.1	70.3	62.7	88	49.8	3.2	5.8			
23	2019-03-29T09:24:14	0.2309	0.2983	0.151	0.4389	61.51	-27.35	-21.95	142.59	184.24	290.72	0.2351	0.3084	0.3084	0.1509	0.4455	62.38	-29.22	-18.86	160.28	210.25	311.12	16607	0.034	0.0361	475.03	4.83	146.77	487.2				0.7298	71.4	59.6	79.7	83.2	59.5	68.1	79.8	84.5	56.9	0	65.4	54.2	71	62.5	88	50.5	3.4	6			
24	2019-03-29T09:24:41	0.2347	0.3026	0.1524	0.442	61.88	-27.25	-20.41	175.83	226.67	346.57	0.239	0.3125	0.3125	0.1524	0.4484	62.72	-29.01	-17.37	197.38	258.08	370.43	14991	0.034	0.0355	476.85	5.82	147.35	487.6				0.8928	72.2	61.1	80.6	83.2	60.6	69	80.6	84.5	57.9	0	67.3	55.5	72	64	88.1	52	3.2	5.9			
25	2019-03-29T09:25:10	0.2456	0.3149	0.1562	0.4507	62.92	-27.05	-15.99	332.18	425.93	594.48	0.2501	0.3238	0.3238	0.1567	0.4564	63.65	-28.32	-13.17	371.93	481.5	633.71	12203	0.033	0.034	476.85	10.17	151.69	489				1.6392	74.2	64.4	82.2	84.6	63.5	71.1	82.1	85.2	60.2	0	70.2	59.2	73.1	67.1	89.1	55.3	2.8	5.7			
26	2019-03-29T09:25:40	0.2492	0.3171	0.1581	0.4525	63.1	-26.3	-15.01	347.44	442.04	604.64	0.2537	0.3257	0.3257	0.1585	0.4579	63.81	-27.48	-12.26	388.58	498.86	644.42	11619	0.032	0.0328	476.85	10.38	153.76	489.2				1.696	75.2	66.1	83.2	85	65	72.4	83.1	85.5	61.5	0	71.9	61.1	74.3	68.8	89.4	57.1	2.7	5.7			
27	2019-03-29T09:26:10	0.2525	0.3197	0.1595	0.4545	63.32	-25.86	-13.93	363.11	459.74	614.99	0.257	0.328	0.328	0.1601	0.4597	64	-26.93	-11.24	405.8	517.92	655.19	11119	0.031	0.032	476.85	10.61	156.29	489.5				1.7515	75.8	67.2	83.8	85.3	65.8	73.2	83.8	85.6	61.9	0	73	62.2	74.9	69.9	89.7	58	2.6	5.6			
28	2019-03-29T09:26:40	0.2543	0.3219	0.1601	0.4559	63.5	-25.88	-13.17	384.9	487.14	641.42	0.2589	0.33	0.33	0.1607	0.461	64.16	-26.84	-10.52	430.03	548.13	683.04	10818	0.031	0.0319	476.85	11.11	157.96	489.8				1.8442	75.9	67.3	83.9	85.5	66	73.2	83.9	85.5	61.8	0	73.1	62.4	74.9	70.1	89.8	58.1	2.6	5.6			
29	2019-03-29T09:27:10	0.2545	0.3236	0.1597	0.4569	63.64	-26.4	-12.7	415.3	528.02	688.56	0.2592	0.3315	0.3315	0.1605	0.4619	64.28	-27.25	-10.08	464.16	593.65	733	10706	0.032	0.0325	476.85	11.88	158.8	490.1				1.9871	75.5	66.6	83.4	85.8	65.5	72.6	83.3	85.7	61.4	0	72.1	61.8	74	69.4	89.8	57.4	2.6	5.6			
30	2019-03-29T09:27:40	0.2539	0.3248	0.1589	0.4575	63.74	-27.12	-12.45	439.86	562.83	729.96	0.2587	0.3327	0.3327	0.1598	0.4624	64.38	-27.85	-9.83	491.88	632.48	776.84	10688	0.033	0.0334	476.85	12.53	158.6	490.3				2.1073	75	65.6	82.7	86	64.9	71.8	82.5	85.8	60.9	0	70.8	60.8	73	68.3	89.9	56.4	2.6	5.6			
31	2019-03-29T09:28:10	0.2529	0.3249	0.1582	0.4574	63.74	-27.53	-12.56	473.13	607.77	789.99	0.2578	0.3327	0.3327	0.1592	0.4623	64.38	-28.24	-9.93	529.3	683.06	840.63	10776	0.033	0.034	476.85	13.52	157.86	490.4				2.2729	74.6	64.9	82.3	86	64.4	71.2	82	85.8	60.6	0	69.9	60.1	72.3	67.6	89.9	55.7	2.6	5.7			
32	2019-03-29T09:28:40	0.2525	0.3244	0.1581	0.4571	63.7	-27.53	-12.72	486.02	624.43	814.42	0.2574	0.3323	0.3323	0.1591	0.462	64.35	-28.25	-10.09	543.76	701.91	866.67	10849	0.033	0.034	476.85	13.91	157.21	490.3				2.3366	74.6	64.8	82.2	86.1	64.3	71.2	81.9	85.8	60.6	0	69.8	60	72.2	67.5	89.9	55.7	2.6	5.7			
33	2019-03-29T09:29:10	0.2525	0.3237	0.1583	0.4567	63.65	-27.28	-12.9	491.52	630.12	824.82	0.2574	0.3316	0.3316	0.1592	0.4617	64.29	-28.04	-10.26	549.83	708.47	877.94	10880	0.033	0.0337	476.85	14.09	157.26	490.2				2.3636	74.8	65.1	82.4	86	64.6	71.4	82.1	85.9	60.8	0	70.1	60.3	72.5	67.8	89.9	56	2.6	5.7			
34	2019-03-29T09:29:40	0.2527	0.323	0.1587	0.4563	63.59	-26.96	-13.06	512.24	654.81	860.11	0.2575	0.331	0.331	0.1595	0.4613	64.24	-27.77	-10.42	572.9	736.43	915.74	10902	0.032	0.0333	476.85	14.71	157.67	490.1				2.463	75	65.6	82.7	85.9	64.8	71.8	82.5	85.8	61	0	70.7	60.7	73	68.2	89.9	56.4	2.6	5.7			
35	2019-03-29T09:30:10	0.2531	0.3221	0.1592	0.4559	63.52	-26.48	-13.25	507.75	646.24	852.32	0.2578	0.3301	0.3301	0.1599	0.4609	64.17	-27.36	-10.61	567.67	727.08	907.64	10910	0.032	0.0327	476.85	14.66	157.45	489.9				2.4387	75.3	66.2	83.2	85.7	65.2	72.3	83.1	85.6	61.2	0	71.7	61.3	73.8	69	89.8	57	2.6	5.6			
36	2019-03-29T09:30:40	0.2495	0.3167	0.1584	0.4523	63.07	-26.05	-15.07	354.02	449.37	615.47	0.2539	0.3252	0.3252	0.1589	0.4577	63.77	-27.2	-12.35	395.97	507.02	656.25	11614	0.032	0.0325	476.85	10.55	154.67	489.1				1.72	75.2	66.2	83.3	85.2	65	72.5	83.2	85.5	61.2	0	72	61.1	74.3	68.9	89.5	57	2.7	5.6			
37	2019-03-29T09:31:10	0.252	0.3198	0.1591	0.4544	63.33	-26.12	-13.97	463.13	587.84	786.99	0.2565	0.3281	0.3281	0.1597	0.4597	64.01	-27.17	-11.28	517.73	662.24	838.35	11146	0.031	0.0324	476.85	13.58	155.79	489.6				2.2363	75.5	66.6	83.5	85.2	65.3	72.7	83.4	85.4	61.4	0	72.4	61.6	74.5	69.4	89.6	57.4	2.6	5.6			
38	2019-03-29T09:31:40	0.25	0.3188	0.1581	0.4536	63.24	-26.58	-14.47	448.38	571.76	773.35	0.2546	0.3272	0.3272	0.1587	0.4589	63.94	-27.67	-11.74	501.53	644.69	823.92	11422	0.032	0.0331	476.85	13.32	154.16	489.5				2.1802	75	65.8	83	85.1	64.7	72.1	82.9	85.4	61	0	71.5	60.7	73.9	68.5	89.4	56.6	2.7	5.6			
39	2019-03-29T09:32:10	0.247	0.317	0.1566	0.4522	63.1	-27.2	-15.28	429.45	551.1	757.81	0.2516	0.3257	0.3257	0.1571	0.4577	63.81	-28.35	-12.48	480.77	622.28	807.43	11851	0.033	0.0341	476.85	13.02	152.16	489.3				2.1065	74.1	64.4	82.2	84.7	63.5	71.1	82.1	85.2	60	0	70.2	59.2	73	67.1	89.1	55.2	2.8	5.7			
40	2019-03-29T09:32:41	0.2421	0.3121	0.1547	0.4486	62.69	-27.54	-17.12	286.45	369.3	527.48	0.2466	0.3213	0.3213	0.1551	0.4545	63.45	-28.88	-14.23	321.08	418.24	562.58	12859	0.034	0.035	476.85	9	149.87	488.7				1.4235	73.2	62.8	81.4	84.1	62.1	70	81.3	84.9	58.9	0	68.6	57.4	72.3	65.6	88.7	53.5	3	5.8			
41	2019-03-29T09:33:10	0.2439	0.3167	0.1546	0.4515	63.07	-28.41	-15.72	437.38	567.86	787.86	0.2487	0.3256	0.3256	0.1552	0.4572	63.81	-29.55	-12.85	490.29	641.91	839.05	12223	0.035	0.0358	476.85	13.57	150.13	489.3				2.1586	72.6	62	81	84	61.3	69.3	80.8	84.5	57.8	0	67.9	56.6	71.5	64.9	88.6	52.5	3	5.7			
42	2019-03-29T09:33:40	0.2428	0.3166	0.1539	0.4513	63.06	-28.83	-15.88	420.77	548.53	763.51	0.2477	0.3256	0.3256	0.1545	0.457	63.8	-29.95	-12.99	471.94	620.28	813.06	12396	0.035	0.0364	476.85	13.16	149.65	489.3				2.0771	72	61.1	80.5	83.8	60.5	68.6	80.4	84.3	56.8	0	67	55.7	70.9	64	88.4	51.4	3	5.7			
43	2019-03-29T09:34:10	0.2425	0.3166	0.1536	0.4513	63.06	-28.99	-15.91	404.6	528.29	735.71	0.2474	0.3256	0.3256	0.1543	0.457	63.8	-30.09	-13.02	453.95	597.41	783.51	12428	0.036	0.0366	476.85	12.65	150.05	489.3				1.995	71.7	60.6	80.3	83.7	60.2	68.3	80.2	84.1	56.3	0	66.6	55.2	70.6	63.7	88.3	50.8	3.1	5.7			
44	2019-03-29T09:34:40	0.2423	0.3163	0.1536	0.4511	63.03	-28.94	-16.02	393.5	513.58	716.81	0.2472	0.3252	0.3252	0.1543	0.4568	63.77	-30.04	-13.12	441.51	580.83	763.46	12428	0.035	0.0366	476.85	12.31	149.94	489.3				1.937	71.6	60.5	80.3	83.6	60.1	68.2	80.2	84	56	0	66.6	55.1	70.7	63.6	88.3	50.7	3.1	5.7			
45	2019-03-29T09:35:10	0.2424	0.3158	0.1538	0.4508	62.99	-28.73	-16.14	391.34	509.83	713.39	0.2473	0.3248	0.3248	0.1545	0.4565	63.74	-29.86	-13.25	439.02	576.66	759.91	12527	0.035	0.0363	476.85	12.23	149.97	489.2				1.9231	71.9	60.9	80.5	83.8	60.4	68.5	80.4	84.2	56.4	0	66.8	55.6	70.8	63.9	88.4	51.1	3.1	5.7			
46	2019-03-29T09:35:40	0.2426	0.3154	0.1541	0.4506	62.96	-28.5	-16.2	390.13	507.17	710.68	0.2474	0.3244	0.3244	0.1547	0.4563	63.71	-29.66	-13.31	437.56	573.68	757.09	12527	0.035	0.036	476.85	12.18	149.92	489.2				1.9171	72.2	61.3	80.7	83.9	60.8	68.8	80.6	84.3	56.9	0	67.3	56	71.1	64.3	88.5	51.6	3	5.7			
47	2019-03-29T09:36:11	0.2426	0.3151	0.1541	0.4504	62.94	-28.39	-16.28	388.92	505.12	708.9	0.2474	0.3242	0.3242	0.1548	0.4562	63.69	-29.58	-13.38	436.15	571.43	755.23	12531	0.035	0.0359	476.85	12.16	149.9	489.1				1.9134	72.3	61.5	80.8	83.9	60.9	69	80.7	84.3	57.2	0	67.5	56.1	71.3	64.5	88.5	51.9	3	5.7			
48	2019-03-29T09:36:41	0.2422	0.3147	0.154	0.4502	62.9	-28.44	-16.43	388.29	504.58	710.4	0.247	0.3238	0.3238	0.1546	0.4559	63.66	-29.65	-13.53	435.48	570.98	756.87	12597	0.035	0.036	476.85	12.17	149.84	489.1				1.9154	72.2	61.4	80.7	83.8	60.8	68.9	80.6	84.3	57.1	0	67.4	56	71.2	64.3	88.4	51.8	3	5.7			
49	2019-03-29T09:37:11	0.2417	0.3145	0.1537	0.4499	62.88	-28.57	-16.56	384.76	500.64	706.65	0.2465	0.3236	0.3236	0.1543	0.4558	63.64	-29.78	-13.64	431.59	566.66	752.86	12716	0.035	0.0362	476.85	12.12	149.43	489				1.9016	72.1	61.1	80.5	83.8	60.6	68.7	80.4	84.3	57	0	67.1	55.7	71	64.1	88.4	51.5	3.1	5.7			
50	2019-03-29T09:37:41	0.241	0.3143	0.1533	0.4497	62.87	-28.78	-16.69	379.76	495.17	700.73	0.2458	0.3234	0.3234	0.1539	0.4556	63.62	-29.98	-13.76	426.12	560.58	746.6	12760	0.035	0.0365	476.85	12.01	149.21	489				1.8807	71.6	60.5	80.3	83.5	60	68.2	80.2	84.1	56.3	0	66.6	55	70.7	63.5	88.2	50.8	3.1	5.8			
51	2019-03-29T09:38:11	0.2404	0.314	0.153	0.4495	62.84	-28.93	-16.83	388.81	507.77	720.72	0.2453	0.3231	0.3231	0.1536	0.4553	63.6	-30.13	-13.9	436.4	574.99	767.94	12874	0.036	0.0368	476.85	12.36	149.01	489				1.9278	71.4	60.1	80.1	83.4	59.7	67.9	80	84	55.9	0	66.2	54.6	70.5	63.1	88.1	50.3	3.1	5.8			
52	2019-03-29T09:38:41	0.2405	0.3143	0.1529	0.4497	62.87	-29	-16.74	385.9	504.26	714.32	0.2454	0.3234	0.3234	0.1536	0.4555	63.63	-30.18	-13.8	433.16	570.92	761.04	12859	0.036	0.0368	476.85	12.25	149.18	489.1				1.9095	71.3	59.9	80	83.5	59.5	67.8	79.9	83.9	55.7	0	66	54.5	70.3	63	88.2	50.1	3.1	5.8			
53	2019-03-29T09:39:11	0.2406	0.3142	0.153	0.4496	62.86	-28.93	-16.76	383.73	501.07	710.17	0.2455	0.3233	0.3233	0.1537	0.4555	63.62	-30.11	-13.83	430.72	567.31	756.66	12859	0.036	0.0367	476.85	12.17	149.24	489				1.8957	71.3	60	80.1	83.4	59.6	67.9	80	83.9	55.6	0	66.1	54.6	70.4	63.1	88.2	50.1	3.1	5.8			
54	2019-03-29T09:39:41	0.2414	0.315	0.1533	0.4502	62.93	-28.89	-16.44	392.36	512.02	720.87	0.2463	0.3241	0.3241	0.154	0.456	63.68	-30.04	-13.52	440.3	579.44	767.88	12661	0.035	0.0366	476.85	12.38	149.35	489.1				1.9325	71.5	60.3	80.2	83.5	59.8	68	80.1	83.9	55.8	0	66.5	54.9	70.6	63.4	88.2	50.4	3.1	5.7			
55	2019-03-29T09:40:12	0.2346	0.304	0.1519	0.4428	61.99	-27.83	-20.08	196.38	254.48	386.35	0.239	0.3138	0.3138	0.1521	0.4492	62.82	-29.47	-17.04	220.58	289.59	412.75	14937	0.035	0.0362	476.85	6.51	147.28	487.8				0.9896	71.5	60	80	83.2	59.6	68.2	80.1	84.2	56.4	0	66.1	54.5	71.1	63	88	50.6	3.3	5.9			
56	2019-03-29T09:40:41	0.2413	0.3146	0.1534	0.45	62.9	-28.78	-16.56	377.84	492.62	695.27	0.2462	0.3238	0.3238	0.154	0.4558	63.65	-29.97	-13.63	423.94	557.61	740.66	12742	0.035	0.0365	476.85	11.93	149.21	489.1				1.8628	71.7	60.6	80.3	83.6	60.1	68.3	80.3	84.1	56.4	0	66.7	55.2	70.7	63.7	88.3	50.9	3.1	5.7			
57	2019-03-29T09:41:11	0.2406	0.314	0.1531	0.4495	62.84	-28.86	-16.82	384.17	501.39	711.45	0.2454	0.3232	0.3232	0.1537	0.4554	63.61	-30.1	-13.87	431.11	567.8	757.96	12862	0.035	0.0367	476.85	12.2	148.69	489				1.9001	71.5	60.3	80.2	83.4	59.9	68.1	80.1	84	56.2	0	66.5	54.9	70.6	63.4	88.2	50.6	3.1	5.8			
58	2019-03-29T09:41:41	0.24	0.3136	0.1528	0.4492	62.81	-28.98	-16.98	386.39	504.89	718.83	0.2448	0.3229	0.3229	0.1534	0.4551	63.58	-30.22	-14.03	433.69	571.92	765.86	12989	0.036	0.0368	476.85	12.32	148.39	489				1.9161	71.4	60	80	83.4	59.6	67.9	79.9	84	56	0	66.1	54.5	70.4	63.1	88.1	50.3	3.1	5.8			
59	2019-03-29T09:42:11	0.2396	0.3135	0.1526	0.4491	62.8	-29.11	-17.03	391.07	511.69	729.28	0.2445	0.3228	0.3228	0.1532	0.455	63.57	-30.34	-14.08	439.04	579.66	777.01	13025	0.036	0.037	476.85	12.51	148.43	489				1.9421	71.1	59.7	79.8	83.3	59.3	67.6	79.8	83.9	55.6	0	65.8	54.1	70.2	62.7	88	49.9	3.2	5.8			
60	2019-03-29T09:42:41	0.2396	0.3136	0.1525	0.4492	62.81	-29.14	-17.01	389.79	510.14	726.69	0.2445	0.3229	0.3229	0.1532	0.4551	63.58	-30.36	-14.05	437.62	577.88	774.23	13010	0.036	0.0371	476.85	12.46	148.38	489				1.9346	71	59.5	79.8	83.2	59.2	67.5	79.7	83.8	55.4	0	65.7	54	70.2	62.7	88	49.7	3.2	5.8			
61	2019-03-29T09:43:11	0.2397	0.3136	0.1526	0.4491	62.81	-29.11	-17.02	381.8	499.51	711.78	0.2445	0.3228	0.3228	0.1532	0.455	63.57	-30.32	-14.07	428.65	565.85	758.38	13010	0.036	0.037	476.85	12.2	148.7	489				1.893	71	59.6	79.8	83.2	59.2	67.5	79.8	83.8	55.3	0	65.8	54	70.2	62.7	88	49.7	3.2	5.8			
62	2019-03-29T09:43:41	0.2398	0.3137	0.1526	0.4492	62.82	-29.11	-16.97	391.17	511.79	728.52	0.2446	0.323	0.323	0.1532	0.4551	63.59	-30.33	-14.01	439.15	579.74	776.13	13002	0.036	0.037	476.85	12.51	148.41	489				1.9381	71.1	59.6	79.9	83.2	59.2	67.6	79.8	83.8	55.3	0	65.8	54.1	70.2	62.8	88	49.8	3.2	5.8			
63	2019-03-29T09:44:11	0.2393	0.313	0.1524	0.4488	62.76	-29.09	-17.2	392.91	514.05	735.17	0.2441	0.3224	0.3224	0.153	0.4548	63.54	-30.35	-14.23	441.12	582.55	783.29	13141	0.036	0.0371	476.85	12.61	148.07	488.9				1.9493	71.1	59.6	79.9	83.2	59.2	67.6	79.8	83.8	55.4	0	65.8	54.1	70.3	62.7	88	49.8	3.2	5.8			
64	2019-03-29T09:44:41	0.2391	0.3128	0.1524	0.4486	62.74	-29.07	-17.28	392.37	513.3	735.22	0.244	0.3222	0.3222	0.153	0.4546	63.52	-30.35	-14.3	440.52	581.77	783.4	13201	0.036	0.0371	476.85	12.6	148.15	488.9				1.9484	71.1	59.7	79.9	83.3	59.3	67.7	79.8	83.9	55.6	0	65.8	54.2	70.3	62.8	88	49.9	3.2	5.8			
65	2019-03-29T09:45:11	0.2391	0.3128	0.1524	0.4486	62.75	-29.08	-17.27	390.68	511.14	732.03	0.244	0.3222	0.3222	0.153	0.4546	63.53	-30.36	-14.29	438.61	579.33	779.98	13201	0.036	0.0371	476.85	12.55	147.98	488.9				1.94	71.2	59.7	79.8	83.3	59.3	67.7	79.8	83.9	55.7	0	65.8	54.2	70.3	62.8	88.1	50	3.2	5.8			
66	2019-03-29T09:45:41	0.2387	0.3124	0.1522	0.4483	62.71	-29.12	-17.42	389.26	509.53	732.04	0.2435	0.3218	0.3218	0.1528	0.4544	63.49	-30.41	-14.44	437.07	577.62	780.07	13237	0.036	0.0372	476.85	12.53	147.92	488.8				1.9356	71	59.5	79.8	83.1	59.1	67.5	79.7	83.8	55.5	0	65.7	53.9	70.2	62.6	87.9	49.7	3.2	5.8			
67	2019-03-29T09:46:11	0.2386	0.3125	0.1521	0.4483	62.72	-29.19	-17.43	382.61	501.17	720.11	0.2434	0.3219	0.3219	0.1527	0.4544	63.5	-30.47	-14.44	429.65	568.15	767.37	13257	0.036	0.0373	476.85	12.34	147.97	488.9				1.9039	70.9	59.3	79.7	83.1	58.9	67.4	79.6	83.8	55.3	0	65.5	53.7	70.1	62.4	87.9	49.5	3.2	5.8			
68	2019-03-29T09:46:41	0.2378	0.3112	0.152	0.4475	62.61	-29.06	-17.85	359.52	470.5	682.03	0.2426	0.3206	0.3206	0.1525	0.4536	63.4	-30.4	-14.86	403.77	533.72	727.06	13465	0.036	0.0372	476.85	11.66	147.85	488.7				1.7946	70.8	59.2	79.7	83	58.8	67.4	79.6	83.8	55.3	0	65.5	53.6	70.2	62.3	87.8	49.5	3.2	5.8			
69	2019-03-29T09:47:11	0.2382	0.3121	0.152	0.4481	62.68	-29.21	-17.57	377.01	493.98	711.83	0.243	0.3215	0.3215	0.1526	0.4541	63.47	-30.5	-14.58	423.42	560.13	758.61	13354	0.036	0.0373	476.85	12.18	147.86	488.8				1.8779	70.8	59.1	79.6	83	58.8	67.3	79.5	83.7	55.1	0	65.4	53.6	70	62.3	87.9	49.3	3.2	5.8			
70	2019-03-29T09:47:41	0.2378	0.3116	0.1518	0.4477	62.64	-29.23	-17.74	383.32	502.39	726.44	0.2426	0.3211	0.3211	0.1524	0.4538	63.43	-30.54	-14.73	430.54	569.83	774.26	13441	0.036	0.0374	476.85	12.43	147.76	488.8				1.912	70.7	59	79.5	82.9	58.6	67.2	79.5	83.7	54.9	0	65.3	53.4	70	62.1	87.8	49.1	3.3	5.8			
71	2019-03-29T09:48:11	0.2374	0.311	0.1517	0.4473	62.59	-29.17	-17.95	387.11	507.17	736.62	0.2422	0.3205	0.3205	0.1523	0.4534	63.38	-30.51	-14.94	434.82	575.45	785.21	13567	0.036	0.0374	476.85	12.59	147.5	488.7				1.9334	70.7	59	79.5	82.9	58.6	67.2	79.5	83.7	54.9	0	65.3	53.4	70	62.1	87.8	49.1	3.3	5.8			
72	2019-03-29T09:48:41	0.2373	0.311	0.1517	0.4473	62.59	-29.18	-17.96	384.62	503.95	732.03	0.2421	0.3205	0.3205	0.1523	0.4534	63.38	-30.52	-14.95	432.03	571.8	780.31	13567	0.036	0.0374	476.85	12.51	147.48	488.7				1.9205	70.7	59	79.5	82.9	58.6	67.2	79.5	83.7	55	0	65.3	53.4	70	62.1	87.8	49.2	3.3	5.8			
73	2019-03-29T09:49:11	0.2374	0.3111	0.1517	0.4474	62.6	-29.19	-17.93	385.14	504.68	732.65	0.2422	0.3206	0.3206	0.1523	0.4535	63.39	-30.53	-14.92	432.6	572.61	780.93	13563	0.036	0.0374	476.85	12.52	147.34	488.7				1.9223	70.7	59	79.5	82.9	58.7	67.2	79.5	83.7	55	0	65.3	53.4	70	62.1	87.8	49.2	3.3	5.8			
74	2019-03-29T09:49:41	0.237	0.3106	0.1516	0.447	62.56	-29.21	-18.09	394.2	516.7	752.58	0.2418	0.3202	0.3202	0.1521	0.4532	63.36	-30.57	-15.07	442.82	586.41	802.25	13709	0.036	0.0374	476.85	12.87	147.17	488.6				1.9701	70.7	58.9	79.4	83	58.6	67.2	79.4	83.7	55.1	0	65.1	53.3	69.9	62	87.8	49.1	3.3	5.8			
75	2019-03-29T09:50:11	0.2369	0.3106	0.1516	0.447	62.56	-29.21	-18.1	389.88	511.07	744.52	0.2417	0.3202	0.3202	0.1521	0.4532	63.36	-30.58	-15.07	437.96	580.03	793.63	13709	0.036	0.0375	476.85	12.71	147.18	488.6				1.9485	70.6	58.9	79.4	82.9	58.6	67.1	79.4	83.7	55	0	65.1	53.3	69.9	62	87.8	49.1	3.3	5.8			
76	2019-03-29T09:50:41	0.2369	0.3107	0.1515	0.4471	62.56	-29.24	-18.08	392.87	515.1	750.09	0.2418	0.3202	0.3202	0.1521	0.4532	63.36	-30.6	-15.05	441.33	584.59	799.56	13709	0.036	0.0375	476.85	12.82	147.22	488.7				1.964	70.6	58.8	79.4	82.9	58.5	67.1	79.4	83.7	55	0	65.1	53.2	69.9	62	87.8	49.1	3.3	5.8			
77	2019-03-29T09:51:12	0.237	0.3107	0.1515	0.4471	62.57	-29.24	-18.07	398.68	522.74	761.06	0.2418	0.3203	0.3203	0.1521	0.4532	63.37	-30.61	-15.04	447.85	593.26	811.22	13709	0.036	0.0375	476.85	13.02	147.07	488.7				1.9897	70.6	58.9	79.4	82.9	58.5	67.1	79.4	83.7	55	0	65.1	53.3	69.9	62	87.8	49.1	3.3	5.8			
78	2019-03-29T09:51:42	0.2369	0.3107	0.1515	0.4471	62.56	-29.27	-18.09	400.52	525.29	765.08	0.2417	0.3202	0.3202	0.152	0.4532	63.36	-30.63	-15.06	449.93	596.18	815.52	13709	0.036	0.0375	476.85	13.08	147.13	488.7				2.0033	70.6	58.8	79.4	82.9	58.5	67.1	79.4	83.7	54.9	0	65	53.2	69.9	61.9	87.8	49	3.3	5.8			
79	2019-03-29T09:52:12	0.2366	0.3104	0.1514	0.4469	62.54	-29.29	-18.17	398.63	522.93	762.99	0.2415	0.32	0.32	0.1519	0.4531	63.35	-30.66	-15.14	447.84	593.59	813.34	13723	0.036	0.0376	476.85	13.05	146.9	488.6				1.9955	70.5	58.7	79.4	82.8	58.3	67	79.3	83.6	54.8	0	65	53	69.9	61.8	87.7	48.9	3.3	5.8			
80	2019-03-29T09:52:42	0.2367	0.3106	0.1514	0.447	62.56	-29.31	-18.13	392	514.31	749.67	0.2415	0.3202	0.3202	0.1519	0.4531	63.36	-30.67	-15.1	440.39	583.74	799.1	13721	0.036	0.0376	476.85	12.82	147.05	488.7				1.9594	70.5	58.6	79.3	82.8	58.3	67	79.3	83.6	54.7	0	64.9	53	69.8	61.8	87.7	48.8	3.3	5.8			
81	2019-03-29T09:53:12	0.2364	0.3101	0.1513	0.4467	62.52	-29.28	-18.28	396.46	520.1	760.47	0.2412	0.3198	0.3198	0.1518	0.4529	63.32	-30.66	-15.24	445.42	590.46	810.69	13756	0.036	0.0376	476.85	12.99	146.82	488.6				1.9855	70.4	58.6	79.3	82.7	58.2	66.9	79.3	83.6	54.7	0	65	52.9	69.9	61.7	87.6	48.8	3.3	5.8			
82	2019-03-29T09:53:42	0.2361	0.3096	0.1513	0.4464	62.48	-29.23	-18.43	396.31	519.73	762.42	0.2409	0.3193	0.3193	0.1518	0.4526	63.29	-30.64	-15.39	445.27	590.2	812.88	13918	0.036	0.0376	476.85	13.02	146.78	488.5				1.987	70.5	58.6	79.3	82.8	58.3	67	79.3	83.6	54.8	0	64.9	53	69.9	61.7	87.7	48.8	3.3	5.8			
83	2019-03-29T09:54:12	0.2359	0.3093	0.1512	0.4461	62.45	-29.23	-18.55	391.21	513.07	754.4	0.2406	0.319	0.319	0.1517	0.4524	63.26	-30.65	-15.5	439.57	582.74	804.4	13956	0.036	0.0376	476.85	12.88	146.75	488.5				1.9634	70.4	58.5	79.3	82.7	58.2	66.9	79.3	83.6	54.7	0	64.9	52.8	69.9	61.7	87.6	48.7	3.3	5.8			
84	2019-03-29T09:54:42	0.2357	0.3092	0.1511	0.446	62.44	-29.23	-18.59	384.11	503.79	741.45	0.2405	0.3189	0.3189	0.1516	0.4523	63.25	-30.65	-15.54	431.6	572.24	790.59	13988	0.036	0.0376	476.85	12.65	146.64	488.5				1.9277	70.4	58.5	79.3	82.7	58.2	66.9	79.3	83.6	54.7	0	64.8	52.8	69.9	61.6	87.6	48.7	3.3	5.8			
85	2019-03-29T09:55:12	0.2357	0.309	0.1512	0.4459	62.42	-29.16	-18.65	359.8	471.62	694.88	0.2405	0.3187	0.3187	0.1517	0.4522	63.23	-30.59	-15.6	404.29	535.71	741.03	13988	0.036	0.0375	476.85	11.84	146.84	488.5				1.8057	70.4	58.5	79.3	82.7	58.2	66.9	79.3	83.6	54.7	0	64.9	52.8	69.9	61.7	87.6	48.7	3.3	5.8			
86	2019-03-29T09:55:42	0.2358	0.3093	0.1512	0.4461	62.45	-29.23	-18.55	371.26	486.95	716.08	0.2406	0.319	0.319	0.1516	0.4524	63.26	-30.65	-15.51	417.17	553.07	763.55	13956	0.036	0.0376	476.85	12.21	146.91	488.5				1.8622	70.4	58.5	79.3	82.7	58.2	66.9	79.3	83.6	54.7	0	64.8	52.8	69.9	61.6	87.6	48.7	3.3	5.8			
87	2019-03-29T09:56:12	0.2354	0.3089	0.151	0.4458	62.42	-29.26	-18.69	380.64	499.44	736.58	0.2402	0.3187	0.3187	0.1515	0.4521	63.23	-30.69	-15.64	427.74	567.39	785.47	14097	0.036	0.0377	476.85	12.57	146.67	488.5				1.9121	70.3	58.4	79.2	82.7	58.1	66.8	79.2	83.6	54.6	0	64.7	52.7	69.8	61.5	87.6	48.6	3.3	5.8			
88	2019-03-29T09:56:42	0.2354	0.3089	0.151	0.4458	62.41	-29.26	-18.72	381.87	501.07	739.43	0.2402	0.3186	0.3186	0.1515	0.4521	63.23	-30.7	-15.67	429.13	569.27	788.5	14097	0.036	0.0377	476.85	12.61	146.63	488.5				1.9187	70.3	58.3	79.2	82.6	58.1	66.8	79.2	83.5	54.6	0	64.7	52.6	69.8	61.5	87.6	48.5	3.3	5.8			
89	2019-03-29T09:57:12	0.2358	0.3095	0.1511	0.4462	62.47	-29.3	-18.5	377.87	495.93	728.52	0.2406	0.3192	0.3192	0.1516	0.4525	63.28	-30.71	-15.46	424.61	563.23	776.75	13956	0.036	0.0377	476.85	12.43	146.89	488.5				1.8951	70.3	58.4	79.2	82.7	58.1	66.8	79.2	83.6	54.6	0	64.7	52.7	69.8	61.5	87.6	48.6	3.3	5.8			
90	2019-03-29T09:57:42	0.2361	0.31	0.1512	0.4466	62.51	-29.34	-18.34	390.13	512.12	749.79	0.241	0.3197	0.3197	0.1517	0.4528	63.31	-30.73	-15.3	438.35	581.49	799.31	13872	0.036	0.0377	476.85	12.82	146.84	488.6				1.9551	70.4	58.5	79.2	82.7	58.2	66.8	79.2	83.6	54.6	0	64.8	52.8	69.8	61.6	87.7	48.7	3.3	5.8			
91	2019-03-29T09:58:13	0.2314	0.3023	0.1502	0.4413	61.85	-28.58	-20.86	233.67	305.2	470.79	0.2359	0.3124	0.3124	0.1504	0.4479	62.71	-30.31	-17.74	262.74	347.88	502.93	15717	0.036	0.0374	476.85	7.92	145.76	487.7				1.1905	70.3	58.1	79	82.5	58	66.8	79.1	83.7	54.9	0	64.3	52.4	70	61.2	87.5	48.6	3.5	5.9			
92	2019-03-29T09:58:42	0.2349	0.3082	0.1509	0.4453	62.35	-29.22	-18.95	358.14	469.84	696.65	0.2397	0.3179	0.3179	0.1513	0.4516	63.17	-30.69	-15.89	402.5	533.99	743.03	14289	0.036	0.0377	476.85	11.86	146.61	488.4				1.8021	70.3	58.3	79.2	82.7	58.1	66.8	79.2	83.6	54.6	0	64.6	52.6	69.8	61.4	87.6	48.6	3.4	5.8			
93	2019-03-29T09:59:12	0.2353	0.3088	0.151	0.4458	62.41	-29.28	-18.73	367.69	482.56	712.19	0.2401	0.3186	0.3186	0.1514	0.452	63.22	-30.71	-15.68	413.22	548.24	759.49	14116	0.036	0.0377	476.85	12.13	146.77	488.5				1.848	70.3	58.3	79.2	82.7	58	66.7	79.2	83.6	54.5	0	64.6	52.6	69.7	61.4	87.6	48.5	3.3	5.8			
94	2019-03-29T09:59:42	0.2351	0.3085	0.1509	0.4456	62.38	-29.27	-18.84	370.51	486.25	719.25	0.2399	0.3183	0.3183	0.1513	0.4518	63.2	-30.72	-15.78	416.4	552.55	767.03	14180	0.036	0.0377	476.85	12.26	146.64	488.4				1.8634	70.2	58.3	79.1	82.6	58	66.7	79.1	83.5	54.5	0	64.6	52.6	69.7	61.4	87.6	48.5	3.3	5.8			
95	2019-03-29T10:00:12	0.2347	0.3081	0.1508	0.4453	62.35	-29.27	-18.99	377.71	495.75	735.59	0.2395	0.3179	0.3179	0.1512	0.4516	63.17	-30.74	-15.92	424.52	563.49	784.54	14298	0.036	0.0378	476.85	12.52	146.51	488.4				1.9015	70.2	58.2	79.1	82.6	57.9	66.7	79.1	83.5	54.5	0	64.5	52.5	69.7	61.3	87.6	48.4	3.4	5.8			
96	2019-03-29T10:00:42	0.2345	0.3079	0.1506	0.4451	62.33	-29.32	-19.06	376.84	494.89	735.38	0.2392	0.3177	0.3177	0.1511	0.4515	63.16	-30.79	-15.99	423.59	562.58	784.34	14377	0.036	0.0379	476.85	12.51	146.41	488.4				1.8973	70.1	58	79	82.6	57.8	66.6	79	83.5	54.3	0	64.3	52.3	69.6	61.2	87.6	48.2	3.4	5.8			
97	2019-03-29T10:01:12	0.2346	0.3079	0.1507	0.4451	62.33	-29.25	-19.07	374.42	491.4	730.3	0.2393	0.3177	0.3177	0.1512	0.4514	63.15	-30.73	-16	420.84	558.6	778.96	14377	0.036	0.0378	476.85	12.42	146.58	488.4				1.886	70.2	58.1	79.1	82.6	57.9	66.7	79.1	83.5	54.5	0	64.4	52.5	69.7	61.3	87.6	48.4	3.4	5.8			
98	2019-03-29T10:01:42	0.235	0.3085	0.1508	0.4456	62.38	-29.3	-18.84	375.18	492.52	728.57	0.2398	0.3183	0.3183	0.1513	0.4518	63.2	-30.74	-15.78	421.67	559.66	776.98	14232	0.036	0.0378	476.85	12.41	146.58	488.4				1.8867	70.2	58.2	79.1	82.7	58	66.7	79.1	83.6	54.5	0	64.5	52.6	69.7	61.4	87.6	48.4	3.4	5.8			
99	2019-03-29T10:02:13	0.2337	0.3063	0.1505	0.444	62.19	-29.08	-19.58	296.94	389.25	584.68	0.2383	0.3162	0.3162	0.1509	0.4504	63.02	-30.62	-16.5	333.82	442.8	623.96	14706	0.036	0.0377	476.85	9.91	146.34	488.2				1.4997	70.2	58.1	79	82.6	57.9	66.7	79.1	83.6	54.5	0	64.4	52.4	69.8	61.2	87.6	48.4	3.4	5.9			
100	2019-03-29T10:02:42	0.2351	0.3087	0.1508	0.4457	62.4	-29.34	-18.79	371.72	488.14	721.3	0.2399	0.3185	0.3185	0.1513	0.4519	63.22	-30.78	-15.73	417.79	554.65	769.21	14152	0.036	0.0378	476.85	12.3	146.55	488.4				1.8688	70.2	58.2	79.1	82.6	57.9	66.6	79.1	83.5	54.4	0	64.5	52.5	69.7	61.3	87.6	48.4	3.4	5.8			
101	2019-03-29T10:03:12	0.235	0.3085	0.1508	0.4455	62.38	-29.33	-18.86	370.21	486.15	719.34	0.2397	0.3183	0.3183	0.1512	0.4518	63.2	-30.78	-15.79	416.1	552.45	767.15	14251	0.036	0.0378	476.85	12.26	146.53	488.4				1.8629	70.2	58.2	79.1	82.7	57.9	66.7	79.1	83.6	54.5	0	64.4	52.5	69.6	61.3	87.6	48.4	3.4	5.8			
102	2019-03-29T10:03:42	0.2348	0.3083	0.1508	0.4454	62.36	-29.29	-18.94	367.86	482.92	715.85	0.2396	0.318	0.318	0.1512	0.4517	63.18	-30.76	-15.88	413.45	548.86	763.46	14289	0.036	0.0378	476.85	12.19	146.5	488.4				1.8508	70.2	58.2	79.1	82.6	57.9	66.7	79.1	83.6	54.5	0	64.5	52.5	69.7	61.3	87.6	48.4	3.4	5.8			
103	2019-03-29T10:04:12	0.2346	0.3079	0.1507	0.4451	62.33	-29.27	-19.06	366.53	481.1	714.84	0.2393	0.3177	0.3177	0.1511	0.4514	63.15	-30.74	-15.99	411.97	546.89	762.46	14377	0.036	0.0378	476.85	12.16	146.43	488.4				1.8458	70.2	58.2	79.1	82.6	57.9	66.7	79.1	83.6	54.5	0	64.4	52.5	69.7	61.3	87.6	48.4	3.4	5.8			
104	2019-03-29T10:04:43	0.2345	0.3079	0.1507	0.4451	62.33	-29.28	-19.06	373.56	490.41	728.79	0.2393	0.3177	0.3177	0.1511	0.4514	63.15	-30.76	-15.99	419.88	557.5	777.31	14377	0.036	0.0378	476.85	12.41	146.4	488.4				1.8822	70.2	58.1	79.1	82.6	57.9	66.7	79.1	83.5	54.5	0	64.4	52.4	69.7	61.3	87.6	48.4	3.4	5.8			
105	2019-03-29T10:05:13	0.2346	0.3079	0.1507	0.4451	62.33	-29.26	-19.05	360.61	473.29	703.12	0.2394	0.3177	0.3177	0.1512	0.4515	63.15	-30.73	-15.98	405.32	537.99	749.98	14377	0.036	0.0378	476.85	11.95	146.74	488.4				1.8155	70.2	58.2	79.1	82.6	58	66.7	79.1	83.6	54.5	0	64.4	52.5	69.7	61.3	87.6	48.4	3.4	5.8			
106	2019-03-29T10:05:43	0.2344	0.3076	0.1506	0.4449	62.31	-29.27	-19.15	372.5	488.98	727.94	0.2391	0.3175	0.3175	0.1511	0.4513	63.13	-30.76	-16.07	418.7	555.94	776.46	14441	0.036	0.0378	476.85	12.37	146.51	488.3				1.878	70.2	58.1	79	82.6	57.9	66.7	79.1	83.6	54.5	0	64.4	52.4	69.7	61.2	87.6	48.4	3.4	5.8			
107	2019-03-29T10:06:13	0.2339	0.307	0.1505	0.4445	62.26	-29.25	-19.36	384.64	504.92	755.01	0.2386	0.3169	0.3169	0.1509	0.4509	63.09	-30.77	-16.28	432.38	574.27	805.43	14657	0.036	0.0379	476.85	12.82	146.14	488.3				1.942	70.2	58.1	79	82.6	57.9	66.6	79	83.6	54.6	0	64.2	52.4	69.6	61.2	87.6	48.3	3.4	5.9			
108	2019-03-29T10:06:43	0.2337	0.3068	0.1504	0.4444	62.24	-29.25	-19.43	386.04	506.79	758.82	0.2384	0.3167	0.3167	0.1508	0.4508	63.07	-30.78	-16.34	433.96	576.46	809.52	14657	0.036	0.0379	476.85	12.88	146.06	488.2				1.9508	70.1	58	79	82.5	57.8	66.6	79	83.5	54.5	0	64.2	52.3	69.6	61.1	87.5	48.3	3.4	5.8			
109	2019-03-29T10:07:13	0.2338	0.3069	0.1504	0.4444	62.24	-29.25	-19.41	386.21	507.04	758.96	0.2385	0.3168	0.3168	0.1508	0.4508	63.08	-30.79	-16.32	434.16	576.74	809.65	14657	0.036	0.0379	476.85	12.89	146.05	488.2				1.9508	70.1	58	79	82.5	57.8	66.6	79	83.5	54.5	0	64.3	52.3	69.6	61.1	87.5	48.3	3.4	5.9			
110	2019-03-29T10:07:43	0.2337	0.3067	0.1505	0.4443	62.23	-29.2	-19.46	363.16	476.56	714.08	0.2384	0.3166	0.3166	0.1508	0.4507	63.06	-30.74	-16.37	408.24	542.1	761.85	14657	0.036	0.0378	476.85	12.11	146.27	488.2				1.835	70.1	58	79	82.5	57.8	66.6	79	83.5	54.5	0	64.3	52.3	69.7	61.2	87.5	48.3	3.4	5.9			
111	2019-03-29T10:08:13	0.2338	0.3068	0.1505	0.4444	62.24	-29.23	-19.43	367.05	481.77	721.37	0.2385	0.3167	0.3167	0.1508	0.4508	63.07	-30.76	-16.34	412.62	547.99	769.59	14657	0.036	0.0378	476.85	12.25	146.15	488.2				1.8543	70.1	58	79	82.6	57.8	66.6	79	83.6	54.5	0	64.3	52.3	69.6	61.1	87.5	48.3	3.4	5.9			
112	2019-03-29T10:08:43	0.2335	0.3065	0.1504	0.4441	62.21	-29.22	-19.54	367.85	482.85	724.66	0.2382	0.3164	0.3164	0.1508	0.4506	63.05	-30.77	-16.45	413.54	549.32	773.18	14704	0.036	0.0379	476.85	12.3	146.07	488.2				1.8599	70.1	57.9	78.9	82.5	57.7	66.5	79	83.5	54.4	0	64.2	52.2	69.6	61	87.5	48.2	3.4	5.9			
113	2019-03-29T10:09:13	0.2334	0.3062	0.1504	0.4439	62.19	-29.17	-19.63	366.78	481.25	723.56	0.2381	0.3162	0.3162	0.1507	0.4504	63.02	-30.74	-16.53	412.33	547.59	772.03	14825	0.036	0.0378	476.85	12.26	146.21	488.2				1.8555	70.1	58	79	82.5	57.8	66.6	79	83.6	54.6	0	64.2	52.3	69.6	61.1	87.5	48.3	3.4	5.9			
114	2019-03-29T10:09:43	0.2332	0.3061	0.1503	0.4439	62.18	-29.19	-19.67	365.22	479.32	721.28	0.2379	0.3161	0.3161	0.1507	0.4503	63.02	-30.75	-16.57	410.61	545.42	769.64	14830	0.036	0.0379	476.85	12.24	145.95	488.2				1.8486	70.1	57.9	78.9	82.5	57.7	66.5	79	83.5	54.5	0	64.2	52.2	69.6	61	87.5	48.2	3.4	5.9			
115	2019-03-29T10:10:13	0.2334	0.3063	0.1504	0.444	62.2	-29.19	-19.6	356.85	468.3	703.63	0.2381	0.3163	0.3163	0.1507	0.4504	63.03	-30.75	-16.5	401.17	532.82	750.77	14796	0.036	0.0379	476.85	11.94	146.12	488.2				1.8057	70.1	58	79	82.6	57.8	66.6	79	83.6	54.6	0	64.2	52.3	69.6	61.1	87.6	48.3	3.4	5.9			
116	2019-03-29T10:10:43	0.2332	0.306	0.1503	0.4438	62.17	-29.16	-19.7	359.26	471.37	709.68	0.2379	0.316	0.316	0.1507	0.4503	63.01	-30.74	-16.59	403.88	536.4	757.28	14852	0.036	0.0378	476.85	12.04	145.99	488.2				1.8191	70.1	58	79	82.5	57.8	66.6	79	83.6	54.5	0	64.2	52.3	69.7	61.1	87.5	48.3	3.4	5.9			
117	2019-03-29T10:11:13	0.2331	0.3059	0.1502	0.4437	62.16	-29.21	-19.74	364.31	478.22	720.63	0.2377	0.3159	0.3159	0.1506	0.4502	63	-30.78	-16.63	409.59	544.25	768.96	14878	0.036	0.0379	476.85	12.22	145.94	488.1				1.8452	70	57.9	78.9	82.4	57.7	66.5	78.9	83.5	54.4	0	64.1	52.2	69.6	61	87.5	48.2	3.4	5.9			
118	2019-03-29T10:11:43	0.2333	0.3061	0.1503	0.4439	62.18	-29.19	-19.67	359.53	471.82	710	0.2379	0.3161	0.3161	0.1507	0.4503	63.02	-30.76	-16.57	404.19	536.9	757.6	14830	0.036	0.0379	476.85	12.04	146	488.2				1.82	70.1	58	78.9	82.5	57.8	66.6	79	83.6	54.5	0	64.2	52.3	69.6	61.1	87.5	48.3	3.4	5.9			
119	2019-03-29T10:12:13	0.2333	0.3061	0.1503	0.4439	62.18	-29.19	-19.66	362.91	476.29	716.62	0.2379	0.3161	0.3161	0.1507	0.4503	63.02	-30.76	-16.56	408	541.98	764.66	14828	0.036	0.0379	476.85	12.16	145.92	488.2				1.8376	70.1	58	78.9	82.5	57.8	66.6	79	83.6	54.5	0	64.2	52.3	69.6	61.1	87.5	48.3	3.4	5.9			
120	2019-03-29T10:12:43	0.2334	0.3064	0.1503	0.444	62.2	-29.23	-19.6	376.92	494.8	743.42	0.2381	0.3163	0.3163	0.1507	0.4505	63.04	-30.79	-16.49	423.73	563	793.17	14796	0.036	0.0379	476.85	12.61	146.05	488.2				1.9068	70.1	58	78.9	82.5	57.8	66.6	79	83.6	54.5	0	64.2	52.3	69.6	61.1	87.5	48.3	3.4	5.9			
121	2019-03-29T10:13:15	0.2311	0.3022	0.1499	0.4412	61.84	-28.72	-20.93	253.77	331.91	512.62	0.2356	0.3124	0.3124	0.1501	0.4479	62.71	-30.45	-17.79	285.39	378.4	547.61	15788	0.036	0.0376	476.85	8.62	145.69	487.7				1.2947	70.1	57.9	78.9	82.4	57.8	66.7	79	83.7	54.7	0	64.1	52.2	69.9	61	87.5	48.4	3.5	5.9			
122	2019-03-29T10:14:16	0.2263	0.2931	0.1493	0.435	61.05	-27.42	-23.8	141.34	183.03	300.07	0.2305	0.3037	0.3037	0.1491	0.442	61.97	-29.49	-20.61	159.07	209.54	321.45	18707	0.035	0.0369	476.85	4.94	145.36	486.7				0.7312	70.2	57.7	78.8	82.4	57.8	66.8	79.1	83.9	55.1	0	63.7	52	70.3	60.7	87.5	48.4	3.6	6.1			
123	2019-03-29T10:14:43	0.2324	0.3051	0.15	0.4431	62.09	-29.2	-20.03	376.41	494.21	749.29	0.237	0.3151	0.3151	0.1503	0.4497	62.94	-30.82	-16.91	423.24	562.75	799.67	15103	0.037	0.038	476.85	12.69	145.62	488.1				1.9129	70	57.8	78.8	82.4	57.6	66.5	78.9	83.5	54.4	0	64	52	69.6	60.8	87.4	48.1	3.4	5.9			
124	2019-03-29T10:15:13	0.233	0.3058	0.1502	0.4436	62.15	-29.17	-19.79	357.31	468.89	707.32	0.2377	0.3157	0.3157	0.1506	0.4501	62.99	-30.76	-16.68	401.71	533.67	754.8	14937	0.036	0.0379	476.85	11.98	145.91	488.1				1.8102	70.1	58	78.9	82.5	57.8	66.6	79	83.6	54.6	0	64.2	52.3	69.6	61.1	87.5	48.3	3.4	5.9			
125	2019-03-29T10:15:43	0.2326	0.3053	0.1501	0.4433	62.11	-29.15	-19.95	348.73	457.6	692.61	0.2373	0.3153	0.3153	0.1505	0.4498	62.95	-30.76	-16.84	392.09	520.97	739.19	14991	0.036	0.0379	476.85	11.73	145.96	488.1				1.7693	70	57.9	78.9	82.4	57.7	66.5	78.9	83.5	54.5	0	64.2	52.1	69.7	61	87.4	48.2	3.4	5.9			
126	2019-03-29T10:16:13	0.2327	0.3053	0.1501	0.4433	62.11	-29.17	-19.93	346.17	454.31	687.37	0.2373	0.3154	0.3154	0.1504	0.4498	62.96	-30.78	-16.82	389.22	517.22	733.6	14981	0.036	0.0379	476.85	11.64	145.88	488.1				1.7564	70	57.8	78.9	82.4	57.7	66.5	78.9	83.5	54.4	0	64.2	52.1	69.7	60.9	87.4	48.2	3.4	5.9			
127	2019-03-29T10:16:43	0.2323	0.3051	0.15	0.4431	62.09	-29.21	-20.04	349.42	458.81	695.65	0.237	0.3151	0.3151	0.1503	0.4497	62.94	-30.83	-16.91	392.91	522.44	742.43	15109	0.037	0.038	476.85	11.77	145.74	488.1				1.7743	70	57.7	78.8	82.4	57.6	66.4	78.8	83.5	54.4	0	64	52	69.6	60.8	87.4	48.1	3.4	5.9			
128	2019-03-29T10:17:13	0.2321	0.305	0.1499	0.443	62.08	-29.27	-20.09	349.25	458.84	696.47	0.2368	0.3151	0.3151	0.1502	0.4496	62.93	-30.89	-16.96	392.73	522.55	743.28	15116	0.037	0.0381	476.85	11.79	145.66	488.1				1.7734	69.8	57.6	78.8	82.2	57.4	66.3	78.8	83.4	54.3	0	63.9	51.8	69.5	60.7	87.3	47.9	3.5	5.9			
129	2019-03-29T10:17:43	0.2321	0.3047	0.1499	0.4429	62.06	-29.21	-20.16	353.53	464.27	705.65	0.2367	0.3148	0.3148	0.1502	0.4494	62.91	-30.84	-17.03	397.56	528.75	753.16	15116	0.036	0.038	476.85	11.93	145.64	488				1.7967	69.8	57.6	78.8	82.2	57.4	66.3	78.8	83.4	54.2	0	64	51.8	69.6	60.7	87.3	47.9	3.5	5.9			
130	2019-03-29T10:18:14	0.2319	0.3045	0.1499	0.4427	62.04	-29.2	-20.23	357.61	469.58	714.79	0.2366	0.3146	0.3146	0.1501	0.4493	62.9	-30.84	-17.1	402.15	534.87	762.98	15207	0.036	0.038	476.85	12.08	145.68	488				1.8197	69.9	57.6	78.8	82.3	57.4	66.4	78.8	83.5	54.3	0	63.9	51.8	69.6	60.7	87.4	48	3.5	5.9			
131	2019-03-29T10:18:44	0.232	0.3048	0.1499	0.4429	62.07	-29.24	-20.15	352.22	462.66	703.07	0.2367	0.3149	0.3149	0.1502	0.4495	62.92	-30.87	-17.02	396.08	526.93	750.4	15116	0.037	0.0381	476.85	11.89	145.65	488				1.7901	69.8	57.6	78.8	82.2	57.4	66.3	78.8	83.4	54.2	0	64	51.8	69.6	60.7	87.3	47.9	3.5	5.9			
132	2019-03-29T10:19:14	0.2319	0.3046	0.1498	0.4428	62.05	-29.24	-20.21	348.71	458.08	696.97	0.2365	0.3147	0.3147	0.1501	0.4493	62.9	-30.88	-17.08	392.16	521.76	743.92	15207	0.037	0.0381	476.85	11.78	145.69	488				1.7738	69.8	57.5	78.7	82.2	57.4	66.3	78.8	83.5	54.2	0	63.9	51.8	69.5	60.7	87.3	47.9	3.5	5.9			
133	2019-03-29T10:19:44	0.2318	0.3044	0.1498	0.4426	62.03	-29.21	-20.28	346.98	455.7	694.42	0.2364	0.3145	0.3145	0.1501	0.4492	62.89	-30.86	-17.15	390.21	519.11	741.25	15249	0.037	0.0381	476.85	11.72	145.74	488				1.7653	69.8	57.5	78.7	82.2	57.4	66.3	78.8	83.5	54.3	0	63.9	51.8	69.6	60.6	87.3	47.9	3.5	5.9			
134	2019-03-29T10:20:14	0.2319	0.3046	0.1498	0.4428	62.05	-29.23	-20.22	337.61	443.44	674.91	0.2365	0.3147	0.3147	0.1501	0.4493	62.9	-30.87	-17.09	379.67	505.1	720.42	15207	0.037	0.0381	476.85	11.4	145.69	488				1.717	69.8	57.5	78.7	82.2	57.4	66.3	78.8	83.5	54.3	0	63.9	51.8	69.6	60.6	87.3	47.9	3.5	5.9			
135	2019-03-29T10:20:44	0.2318	0.3043	0.1498	0.4426	62.03	-29.18	-20.3	338.29	444.15	677.04	0.2364	0.3144	0.3144	0.1501	0.4492	62.88	-30.83	-17.17	380.43	505.96	722.74	15249	0.036	0.038	476.85	11.43	145.51	488				1.7216	69.9	57.6	78.7	82.2	57.4	66.3	78.8	83.5	54.3	0	63.9	51.8	69.6	60.7	87.4	47.9	3.5	5.9			
136	2019-03-29T10:21:14	0.2319	0.3045	0.1498	0.4427	62.04	-29.2	-20.23	329.82	433.12	659.35	0.2365	0.3146	0.3146	0.1501	0.4493	62.9	-30.84	-17.1	370.91	493.35	703.82	15207	0.037	0.0381	476.85	11.14	145.71	488				1.6777	69.9	57.6	78.7	82.3	57.5	66.4	78.8	83.5	54.3	0	63.9	51.8	69.6	60.7	87.4	48	3.5	5.9			
137	2019-03-29T10:21:44	0.2316	0.3042	0.1498	0.4425	62.01	-29.19	-20.36	336.5	441.88	674.44	0.2362	0.3143	0.3143	0.15	0.4491	62.87	-30.85	-17.22	378.43	503.44	719.97	15379	0.037	0.0381	476.85	11.37	145.72	488				1.7131	69.9	57.6	78.7	82.3	57.5	66.4	78.8	83.5	54.4	0	63.8	51.9	69.5	60.7	87.4	48	3.5	5.9			
138	2019-03-29T10:22:14	0.2316	0.3041	0.1497	0.4424	62.01	-29.2	-20.37	336.52	441.94	674.74	0.2362	0.3143	0.3143	0.15	0.449	62.87	-30.86	-17.24	378.46	503.52	720.29	15380	0.037	0.0381	476.85	11.38	145.65	488				1.7136	69.9	57.6	78.7	82.3	57.5	66.4	78.7	83.5	54.4	0	63.8	51.8	69.5	60.6	87.4	47.9	3.5	5.9			
139	2019-03-29T10:22:45	0.2315	0.304	0.1497	0.4424	62	-29.2	-20.41	339.24	445.55	680.77	0.2361	0.3142	0.3142	0.15	0.449	62.86	-30.88	-17.27	381.52	507.68	726.73	15403	0.037	0.0381	476.85	11.48	145.49	488				1.7284	69.9	57.6	78.7	82.3	57.4	66.3	78.7	83.5	54.4	0	63.8	51.8	69.5	60.6	87.4	47.9	3.5	5.9			
140	2019-03-29T10:23:14	0.2317	0.3043	0.1498	0.4425	62.02	-29.2	-20.33	329.1	432.18	659.17	0.2363	0.3144	0.3144	0.15	0.4491	62.88	-30.86	-17.19	370.1	492.36	703.66	15268	0.037	0.0381	476.85	11.13	145.58	488				1.6751	69.9	57.6	78.7	82.2	57.4	66.3	78.8	83.5	54.3	0	63.9	51.8	69.6	60.7	87.3	47.9	3.5	5.9			
141	2019-03-29T10:23:44	0.2311	0.3035	0.1496	0.442	61.95	-29.15	-20.59	333.46	437.79	671.44	0.2357	0.3136	0.3136	0.1499	0.4486	62.81	-30.84	-17.45	375.05	498.98	716.9	15562	0.037	0.0381	476.85	11.31	145.29	487.9				1.7001	69.9	57.5	78.7	82.3	57.4	66.3	78.7	83.5	54.4	0	63.8	51.8	69.6	60.6	87.4	47.9	3.5	5.9			
142	2019-03-29T10:24:14	0.2313	0.3035	0.1497	0.4421	61.96	-29.11	-20.56	330.07	433.18	663.86	0.2359	0.3137	0.3137	0.1499	0.4487	62.82	-30.8	-17.41	371.21	493.67	708.8	15531	0.036	0.038	476.85	11.19	145.47	487.9				1.6829	69.9	57.6	78.7	82.3	57.5	66.4	78.8	83.6	54.5	0	63.8	51.9	69.6	60.7	87.4	48	3.5	5.9			
143	2019-03-29T10:24:44	0.2312	0.3035	0.1497	0.442	61.95	-29.11	-20.58	326.83	428.92	657.66	0.2358	0.3136	0.3136	0.1499	0.4486	62.81	-30.8	-17.44	367.57	488.84	702.2	15557	0.036	0.038	476.85	11.07	145.6	487.9				1.6674	69.9	57.6	78.7	82.3	57.5	66.4	78.8	83.6	54.5	0	63.8	51.9	69.6	60.7	87.4	48.1	3.5	5.9			
144	2019-03-29T10:25:14	0.2312	0.3034	0.1497	0.4419	61.94	-29.1	-20.61	322.61	423.36	649.58	0.2358	0.3135	0.3135	0.1499	0.4486	62.81	-30.8	-17.47	362.83	482.54	693.59	15647	0.037	0.038	476.85	10.94	145.43	487.9				1.6458	70	57.7	78.7	82.4	57.6	66.4	78.8	83.6	54.6	0	63.8	52	69.6	60.7	87.4	48.1	3.5	5.9			
145	2019-03-29T10:25:44	0.231	0.3033	0.1496	0.4419	61.94	-29.12	-20.65	325.1	426.74	655.31	0.2356	0.3135	0.3135	0.1498	0.4485	62.8	-30.82	-17.5	365.65	486.43	699.71	15647	0.037	0.0381	476.85	11.04	145.52	487.9				1.6595	69.9	57.6	78.7	82.3	57.5	66.4	78.7	83.6	54.5	0	63.7	51.8	69.6	60.6	87.4	48	3.5	5.9			
146	2019-03-29T10:26:14	0.2311	0.3033	0.1496	0.4419	61.94	-29.11	-20.65	325	426.58	654.98	0.2357	0.3135	0.3135	0.1499	0.4485	62.8	-30.82	-17.5	365.53	486.24	699.36	15647	0.037	0.0381	476.85	11.02	145.61	487.9				1.6587	69.9	57.6	78.7	82.3	57.5	66.4	78.7	83.6	54.5	0	63.7	51.9	69.6	60.6	87.4	48	3.5	5.9			
147	2019-03-29T10:26:44	0.231	0.3032	0.1496	0.4418	61.93	-29.12	-20.67	325.77	427.61	656.82	0.2356	0.3134	0.3134	0.1498	0.4485	62.8	-30.82	-17.52	366.4	487.43	701.33	15647	0.037	0.0381	476.85	11.05	145.65	487.9				1.6633	69.9	57.6	78.7	82.3	57.5	66.4	78.7	83.6	54.5	0	63.8	51.9	69.6	60.6	87.4	48	3.5	5.9			
148	2019-03-29T10:27:14	0.2311	0.3033	0.1496	0.4419	61.94	-29.13	-20.63	322.13	422.86	649.06	0.2357	0.3135	0.3135	0.1498	0.4485	62.8	-30.83	-17.48	362.3	482	693.04	15647	0.037	0.0381	476.85	10.91	145.65	487.9				1.6442	69.9	57.6	78.7	82.3	57.5	66.4	78.7	83.6	54.5	0	63.7	51.9	69.5	60.6	87.4	48	3.5	5.9			
149	2019-03-29T10:27:44	0.231	0.3032	0.1496	0.4418	61.93	-29.1	-20.67	322.23	422.89	649.65	0.2356	0.3134	0.3134	0.1498	0.4485	62.79	-30.81	-17.52	362.41	482.05	693.69	15647	0.037	0.0381	476.85	10.93	145.67	487.9				1.645	69.9	57.6	78.7	82.3	57.5	66.4	78.7	83.6	54.6	0	63.8	51.9	69.6	60.7	87.4	48	3.5	5.9			
150	2019-03-29T10:28:14	0.2308	0.3029	0.1496	0.4416	61.91	-29.1	-20.76	324.5	425.89	655.47	0.2354	0.3132	0.3132	0.1498	0.4483	62.77	-30.82	-17.61	364.98	485.56	699.94	15718	0.037	0.0381	476.85	11.02	145.53	487.8				1.6579	69.9	57.6	78.7	82.3	57.5	66.4	78.7	83.6	54.5	0	63.7	51.8	69.6	60.6	87.4	48	3.5	5.9			
151	2019-03-29T10:28:45	0.2299	0.3013	0.1494	0.4405	61.76	-28.86	-21.29	267.46	350.42	545.29	0.2345	0.3116	0.3116	0.1496	0.4472	62.64	-30.65	-18.13	300.87	399.82	582.59	16094	0.036	0.0379	476.85	9.14	145.35	487.6				1.3702	69.9	57.5	78.7	82.2	57.4	66.4	78.7	83.6	54.5	0	63.8	51.7	69.7	60.6	87.3	48	3.5	5.9			
152	2019-03-29T10:29:14	0.2309	0.3029	0.1496	0.4416	61.91	-29.07	-20.76	311.55	408.77	629.08	0.2355	0.3131	0.3131	0.1498	0.4483	62.77	-30.79	-17.61	350.41	466.03	671.78	15717	0.036	0.038	476.85	10.57	145.6	487.8				1.5911	70	57.6	78.7	82.3	57.6	66.4	78.7	83.6	54.6	0	63.8	51.9	69.6	60.7	87.4	48.1	3.5	5.9			
153	2019-03-29T10:29:44	0.2308	0.3027	0.1496	0.4415	61.89	-29.03	-20.83	309.61	406.1	625.85	0.2353	0.3129	0.3129	0.1498	0.4482	62.75	-30.76	-17.67	348.22	463.04	668.38	15787	0.036	0.038	476.85	10.51	145.65	487.8				1.5817	70	57.7	78.7	82.3	57.6	66.5	78.8	83.6	54.7	0	63.8	52	69.6	60.7	87.4	48.1	3.5	5.9			
154	2019-03-29T10:30:15	0.2302	0.3019	0.1494	0.4409	61.82	-28.99	-21.09	302.47	396.68	614.69	0.2348	0.3122	0.3122	0.1496	0.4477	62.69	-30.76	-17.92	340.22	452.5	656.55	15820	0.036	0.038	476.85	10.32	145.25	487.7				1.5482	69.8	57.4	78.7	82	57.3	66.3	78.7	83.5	54.4	0	63.9	51.6	69.8	60.5	87.2	47.9	3.5	5.9			
155	2019-03-29T10:30:45	0.2304	0.3023	0.1495	0.4412	61.85	-29.01	-20.98	300.96	394.74	610.27	0.235	0.3125	0.3125	0.1497	0.4479	62.72	-30.76	-17.82	338.51	450.2	651.8	15820	0.036	0.038	476.85	10.24	145.46	487.8				1.5391	69.9	57.5	78.7	82.2	57.5	66.4	78.7	83.6	54.5	0	63.8	51.8	69.7	60.6	87.3	48	3.5	5.9			
156	2019-03-29T10:31:15	0.2304	0.3022	0.1495	0.4411	61.85	-29.02	-20.99	317.23	416.12	643.47	0.235	0.3125	0.3125	0.1496	0.4478	62.72	-30.77	-17.83	356.82	474.59	687.27	15820	0.036	0.038	476.85	10.8	145.39	487.8				1.6232	69.9	57.5	78.7	82.2	57.4	66.4	78.7	83.6	54.5	0	63.8	51.8	69.7	60.6	87.3	48	3.5	5.9			
157	2019-03-29T10:31:45	0.2296	0.3012	0.1492	0.4404	61.75	-28.96	-21.35	297.77	390.51	608.37	0.2342	0.3115	0.3115	0.1494	0.4472	62.64	-30.77	-18.17	334.98	445.66	649.94	16170	0.036	0.0381	476.85	10.18	145.3	487.6				1.5279	69.8	57.4	78.6	82.1	57.3	66.3	78.6	83.6	54.5	0	63.6	51.6	69.7	60.4	87.3	47.9	3.5	5.9			
158	2019-03-29T10:32:15	0.2306	0.3026	0.1495	0.4414	61.88	-29.1	-20.86	313.38	411.33	634.4	0.2351	0.3129	0.3129	0.1497	0.4481	62.75	-30.83	-17.71	352.49	469.04	677.5	15788	0.037	0.0381	476.85	10.64	145.63	487.8				1.6021	69.9	57.5	78.6	82.2	57.5	66.4	78.7	83.6	54.5	0	63.7	51.8	69.6	60.6	87.3	48	3.5	5.9			
159	2019-03-29T10:32:45	0.2307	0.3028	0.1495	0.4416	61.9	-29.13	-20.8	315.99	414.88	639.06	0.2352	0.3131	0.3131	0.1497	0.4482	62.77	-30.86	-17.65	355.42	473.05	682.45	15787	0.037	0.0381	476.85	10.72	145.82	487.8				1.6148	69.9	57.5	78.6	82.3	57.5	66.4	78.7	83.6	54.5	0	63.6	51.8	69.5	60.6	87.4	48	3.5	5.9			
160	2019-03-29T10:33:15	0.2299	0.3014	0.1493	0.4406	61.78	-28.96	-21.26	287.56	377.1	586.37	0.2344	0.3118	0.3118	0.1495	0.4473	62.66	-30.76	-18.09	323.47	430.28	626.41	16094	0.036	0.0381	476.85	9.83	145.22	487.7				1.474	69.9	57.5	78.6	82.2	57.4	66.4	78.7	83.6	54.5	0	63.7	51.7	69.7	60.5	87.3	48	3.5	5.9			
161	2019-03-29T10:33:45	0.2304	0.3024	0.1494	0.4412	61.86	-29.08	-20.96	313.74	411.79	636.34	0.2349	0.3127	0.3127	0.1496	0.4479	62.73	-30.84	-17.79	352.9	469.65	679.59	15820	0.037	0.0381	476.85	10.69	145.26	487.8				1.6048	69.8	57.5	78.6	82.1	57.4	66.3	78.7	83.5	54.4	0	63.7	51.7	69.6	60.5	87.3	47.9	3.5	5.9			
162	2019-03-29T10:34:15	0.23	0.3019	0.1493	0.4409	61.82	-29.08	-21.12	317.34	416.56	645.83	0.2345	0.3122	0.3122	0.1494	0.4476	62.7	-30.86	-17.94	356.98	475.23	689.81	16037	0.037	0.0382	476.85	10.83	145.29	487.7				1.626	69.8	57.4	78.6	82.2	57.4	66.3	78.6	83.6	54.5	0	63.6	51.7	69.6	60.4	87.3	47.9	3.5	5.9			
163	2019-03-29T10:34:45	0.2301	0.3021	0.1493	0.441	61.84	-29.1	-21.05	311.64	409.12	633.43	0.2347	0.3124	0.3124	0.1495	0.4478	62.71	-30.87	-17.88	350.56	466.7	676.53	15820	0.037	0.0382	476.85	10.63	145.19	487.8				1.5961	69.7	57.4	78.6	82	57.3	66.2	78.6	83.5	54.3	0	63.8	51.5	69.7	60.4	87.2	47.8	3.5	5.9			
164	2019-03-29T10:35:15	0.23	0.3019	0.1493	0.4409	61.82	-29.09	-21.11	309.48	406.28	629.8	0.2345	0.3123	0.3123	0.1494	0.4476	62.7	-30.87	-17.94	348.14	463.5	672.68	16037	0.037	0.0382	476.85	10.56	145.35	487.7				1.5867	69.8	57.4	78.6	82.2	57.4	66.3	78.6	83.6	54.5	0	63.6	51.7	69.6	60.4	87.3	47.9	3.5	5.9			
165	2019-03-29T10:35:45	0.23	0.3017	0.1493	0.4407	61.8	-29.01	-21.18	287.85	377.63	586.27	0.2345	0.312	0.312	0.1495	0.4475	62.68	-30.8	-18.01	323.8	430.85	626.25	16049	0.036	0.0381	476.85	9.81	145.39	487.7				1.4746	69.9	57.5	78.6	82.2	57.4	66.4	78.7	83.6	54.5	0	63.7	51.7	69.7	60.5	87.3	48	3.5	5.9			
166	2019-03-29T10:36:15	0.2298	0.3017	0.1492	0.4408	61.8	-29.07	-21.19	302.18	396.66	615.86	0.2344	0.3121	0.3121	0.1494	0.4475	62.68	-30.86	-18.01	339.93	452.59	657.82	16064	0.037	0.0382	476.85	10.32	145.22	487.7				1.549	69.8	57.4	78.6	82.1	57.3	66.3	78.6	83.6	54.5	0	63.6	51.6	69.6	60.4	87.3	47.9	3.5	5.9			
167	2019-03-29T10:36:45	0.2297	0.3014	0.1492	0.4406	61.78	-29.06	-21.28	304.58	399.79	621.89	0.2342	0.3118	0.3118	0.1493	0.4473	62.66	-30.86	-18.1	342.65	456.22	664.33	16094	0.037	0.0382	476.85	10.41	145.27	487.7				1.5628	69.7	57.3	78.5	82.1	57.3	66.2	78.6	83.5	54.4	0	63.6	51.5	69.6	60.3	87.2	47.8	3.5	5.9			
168	2019-03-29T10:37:16	0.2265	0.2958	0.1486	0.4367	61.29	-28.33	-23.09	187.16	244.35	394.67	0.2308	0.3064	0.3064	0.1486	0.4437	62.2	-30.37	-19.86	210.65	279.62	422.26	17881	0.036	0.0378	476.85	6.54	144.62	487.1				0.9703	69.7	57.1	78.4	81.9	57.2	66.3	78.6	83.7	54.6	0	63.3	51.3	69.9	60.1	87.2	47.8	3.6	6			
169	2019-03-29T10:37:45	0.2292	0.3007	0.1491	0.44	61.71	-29	-21.52	279.92	367.28	574.19	0.2337	0.3111	0.3111	0.1492	0.4469	62.6	-30.82	-18.33	314.94	419.28	613.51	16439	0.037	0.0382	476.85	9.6	145.22	487.6				1.4388	69.8	57.3	78.5	82.2	57.3	66.3	78.6	83.6	54.5	0	63.4	51.6	69.6	60.3	87.3	47.8	3.6	5.9			
170	2019-03-29T10:38:15	0.2297	0.3014	0.1492	0.4406	61.78	-29.05	-21.28	287.58	377.44	587.18	0.2342	0.3118	0.3118	0.1493	0.4473	62.66	-30.85	-18.1	323.53	430.72	627.27	16094	0.037	0.0382	476.85	9.82	145.43	487.7				1.4755	69.7	57.3	78.5	82	57.3	66.2	78.6	83.5	54.4	0	63.6	51.5	69.6	60.3	87.2	47.8	3.5	5.9			
171	2019-03-29T10:38:45	0.2294	0.3013	0.1491	0.4404	61.76	-29.09	-21.35	302.76	397.54	619.29	0.234	0.3117	0.3117	0.1492	0.4472	62.65	-30.9	-18.16	340.62	453.73	661.53	16170	0.037	0.0383	476.85	10.36	145.23	487.7				1.5544	69.7	57.2	78.5	82	57.2	66.2	78.5	83.5	54.3	0	63.5	51.4	69.6	60.3	87.2	47.7	3.6	5.9			
172	2019-03-29T10:39:15	0.2292	0.3011	0.149	0.4403	61.74	-29.12	-21.43	305.47	401.26	626.12	0.2337	0.3115	0.3115	0.1491	0.4471	62.63	-30.94	-18.24	343.7	458.05	668.86	16412	0.037	0.0383	476.85	10.48	145.02	487.6				1.5693	69.7	57.2	78.4	82.1	57.2	66.2	78.5	83.6	54.4	0	63.3	51.5	69.4	60.2	87.3	47.7	3.6	5.9			
173	2019-03-29T10:39:45	0.2292	0.3011	0.149	0.4403	61.75	-29.13	-21.41	305.95	401.89	626.88	0.2337	0.3115	0.3115	0.1491	0.4471	62.64	-30.94	-18.22	344.23	458.75	669.66	16412	0.037	0.0383	476.85	10.5	145	487.7				1.5722	69.7	57.2	78.4	82.2	57.2	66.2	78.5	83.6	54.5	0	63.3	51.5	69.4	60.2	87.3	47.7	3.6	5.9			
174	2019-03-29T10:40:15	0.2294	0.3013	0.1491	0.4405	61.77	-29.11	-21.33	298.32	391.8	610.08	0.234	0.3117	0.3117	0.1492	0.4473	62.65	-30.92	-18.14	335.63	447.16	651.7	16170	0.037	0.0383	476.85	10.21	145.27	487.7				1.5313	69.7	57.2	78.5	82	57.2	66.2	78.5	83.5	54.3	0	63.5	51.4	69.6	60.2	87.2	47.7	3.6	5.9			
175	2019-03-29T10:40:46	0.2263	0.2957	0.1485	0.4366	61.28	-28.38	-23.14	185.52	242.34	391.79	0.2306	0.3063	0.3063	0.1484	0.4436	62.2	-30.43	-19.9	208.82	277.36	419.2	17884	0.036	0.0379	476.85	6.49	144.71	487.1				0.9627	69.6	57	78.4	81.8	57	66.2	78.5	83.6	54.5	0	63.3	51.1	69.9	60	87.1	47.7	3.7	6			
176	2019-03-29T10:41:16	0.229	0.3007	0.1489	0.44	61.72	-29.09	-21.53	292.4	384.01	600.44	0.2335	0.3112	0.3112	0.149	0.4469	62.61	-30.92	-18.33	329	438.42	641.48	16439	0.037	0.0383	476.85	10.04	145.13	487.6				1.5026	69.7	57.1	78.4	82.1	57.1	66.1	78.5	83.5	54.3	0	63.3	51.4	69.5	60.1	87.2	47.6	3.6	5.9			
177	2019-03-29T10:41:45	0.229	0.3009	0.1489	0.4401	61.73	-29.12	-21.49	292.41	384.12	600.11	0.2336	0.3113	0.3113	0.149	0.447	62.62	-30.95	-18.29	329.01	438.53	641.1	16439	0.037	0.0383	476.85	10.04	145.14	487.6				1.5033	69.7	57.1	78.4	82.1	57.2	66.1	78.5	83.6	54.4	0	63.3	51.4	69.4	60.2	87.2	47.6	3.6	5.9			
178	2019-03-29T10:42:15	0.2289	0.3007	0.1489	0.44	61.72	-29.13	-21.55	293.21	385.22	602.53	0.2334	0.3112	0.3112	0.149	0.4469	62.61	-30.97	-18.34	329.92	439.83	643.7	16607	0.037	0.0384	476.85	10.07	145.01	487.6				1.5084	69.7	57.2	78.3	82.2	57.2	66.2	78.4	83.6	54.5	0	63.1	51.5	69.3	60.1	87.3	47.7	3.6	5.9			
179	2019-03-29T10:42:46	0.2287	0.3005	0.1488	0.4399	61.7	-29.12	-21.63	291.95	383.56	600.93	0.2332	0.311	0.311	0.1489	0.4467	62.59	-30.97	-18.42	328.51	437.99	642.04	16607	0.037	0.0384	476.85	10.05	145.06	487.6				1.5031	69.6	57.1	78.3	82.1	57.1	66.1	78.4	83.6	54.4	0	63.1	51.3	69.4	60.1	87.2	47.6	3.6	5.9			
180	2019-03-29T10:43:16	0.2286	0.3003	0.1487	0.4397	61.68	-29.13	-21.69	292.89	384.83	603.75	0.2331	0.3108	0.3108	0.1488	0.4466	62.57	-30.98	-18.49	329.58	439.5	645.08	16607	0.037	0.0384	476.85	10.1	144.86	487.6				1.5093	69.6	57	78.3	82	57	66	78.4	83.5	54.3	0	63.1	51.2	69.4	60	87.2	47.5	3.6	5.9			
181	2019-03-29T10:43:46	0.2289	0.3007	0.1488	0.44	61.72	-29.14	-21.54	284.43	373.72	584.49	0.2334	0.3112	0.3112	0.149	0.4469	62.61	-30.97	-18.34	320.05	426.7	624.45	16607	0.037	0.0384	476.85	9.78	144.98	487.6				1.4637	69.7	57.1	78.3	82.2	57.2	66.2	78.4	83.6	54.5	0	63.1	51.4	69.3	60.1	87.3	47.7	3.6	5.9			
182	2019-03-29T10:44:16	0.2287	0.3005	0.1488	0.4399	61.7	-29.15	-21.62	288	378.46	592.86	0.2332	0.311	0.311	0.1489	0.4467	62.59	-30.99	-18.42	324.08	432.17	633.42	16607	0.037	0.0384	476.85	9.91	145.06	487.6				1.4828	69.6	57	78.3	82.1	57.1	66.1	78.4	83.6	54.4	0	63.1	51.3	69.4	60	87.2	47.6	3.6	5.9			
183	2019-03-29T10:44:46	0.2286	0.3005	0.1487	0.4399	61.7	-29.19	-21.63	288.75	379.62	594.81	0.2331	0.311	0.311	0.1488	0.4467	62.59	-31.04	-18.42	324.94	433.52	635.49	16607	0.037	0.0385	476.85	9.94	144.98	487.6				1.487	69.5	56.9	78.3	82	57	66	78.4	83.5	54.2	0	63	51.2	69.3	59.9	87.2	47.4	3.6	5.9			
184	2019-03-29T10:45:16	0.2283	0.3002	0.1486	0.4396	61.67	-29.19	-21.74	293.66	386.1	606.31	0.2328	0.3107	0.3107	0.1487	0.4465	62.57	-31.06	-18.52	330.48	441.02	647.79	16612	0.037	0.0385	476.85	10.13	144.88	487.6				1.5139	69.5	56.8	78.2	81.9	56.9	65.9	78.3	83.4	54.1	0	63.1	51	69.4	59.9	87.1	47.3	3.6	6			
185	2019-03-29T10:45:46	0.2283	0.3001	0.1486	0.4396	61.67	-29.19	-21.77	295.68	388.76	610.84	0.2328	0.3107	0.3107	0.1487	0.4465	62.56	-31.06	-18.55	332.75	444.07	652.66	16639	0.037	0.0385	476.85	10.21	144.88	487.6				1.5249	69.4	56.8	78.2	81.9	56.8	65.9	78.3	83.4	54.1	0	63	51	69.4	59.8	87.1	47.3	3.6	6			
186	2019-03-29T10:46:16	0.2283	0.3003	0.1486	0.4397	61.68	-29.23	-21.73	297.39	391.15	614.08	0.2328	0.3108	0.3108	0.1487	0.4465	62.57	-31.09	-18.51	334.69	446.77	656.08	16607	0.037	0.0386	476.85	10.26	144.81	487.6				1.5336	69.4	56.8	78.2	81.8	56.8	65.9	78.3	83.4	54.1	0	63	50.9	69.3	59.8	87.1	47.3	3.6	5.9			
187	2019-03-29T10:46:46	0.2284	0.3003	0.1486	0.4397	61.68	-29.21	-21.71	296.36	389.73	611.67	0.2329	0.3108	0.3108	0.1487	0.4466	62.58	-31.07	-18.5	333.53	445.13	653.52	16607	0.037	0.0385	476.85	10.23	144.81	487.6				1.5281	69.4	56.8	78.2	81.9	56.9	65.9	78.3	83.5	54.1	0	63	51	69.3	59.8	87.1	47.3	3.6	5.9			
188	2019-03-29T10:47:16	0.2282	0.3002	0.1485	0.4396	61.68	-29.24	-21.74	295.81	389.11	611.07	0.2328	0.3108	0.3108	0.1486	0.4465	62.57	-31.1	-18.52	332.91	444.46	652.86	16633	0.037	0.0386	476.85	10.22	144.78	487.6				1.5261	69.4	56.7	78.2	81.8	56.8	65.9	78.3	83.4	54.1	0	63	50.9	69.3	59.8	87.1	47.3	3.6	5.9			
189	2019-03-29T10:47:46	0.2283	0.3003	0.1486	0.4397	61.68	-29.24	-21.71	292.31	384.49	603.44	0.2328	0.3108	0.3108	0.1487	0.4466	62.58	-31.1	-18.49	328.96	439.17	644.7	16607	0.037	0.0386	476.85	10.09	144.75	487.6				1.5075	69.4	56.8	78.2	81.8	56.8	65.9	78.3	83.4	54.1	0	63	51	69.3	59.8	87.1	47.3	3.6	5.9			
190	2019-03-29T10:48:16	0.2283	0.3005	0.1485	0.4398	61.69	-29.28	-21.68	285.48	375.65	589.14	0.2329	0.311	0.311	0.1487	0.4467	62.59	-31.13	-18.46	321.29	429.04	629.42	16607	0.037	0.0386	476.85	9.85	144.85	487.6				1.4722	69.4	56.7	78.2	81.9	56.8	65.8	78.2	83.5	54.1	0	62.9	50.9	69.3	59.8	87.1	47.2	3.6	5.9			
191	2019-03-29T10:48:46	0.2285	0.3005	0.1486	0.4398	61.7	-29.25	-21.64	274.52	361.11	565.92	0.233	0.311	0.311	0.1487	0.4467	62.59	-31.09	-18.43	308.95	412.4	604.63	16607	0.037	0.0386	476.85	9.46	145	487.6				1.4152	69.5	56.8	78.2	82	56.9	65.9	78.3	83.5	54.1	0	63	51	69.3	59.8	87.2	47.3	3.6	5.9			
192	2019-03-29T10:49:16	0.2285	0.3007	0.1486	0.4399	61.71	-29.28	-21.6	275.5	362.48	567.55	0.2331	0.3112	0.3112	0.1487	0.4468	62.61	-31.12	-18.39	310.05	413.95	606.34	16607	0.037	0.0386	476.85	9.5	144.91	487.6				1.4198	69.5	56.8	78.2	82	56.9	65.9	78.3	83.5	54.2	0	62.9	51.1	69.3	59.8	87.2	47.3	3.6	5.9			
193	2019-03-29T10:49:46	0.2283	0.3004	0.1485	0.4398	61.69	-29.27	-21.69	269.28	354.3	555.77	0.2329	0.3109	0.3109	0.1487	0.4466	62.59	-31.12	-18.47	303.06	404.67	593.78	16607	0.037	0.0386	476.85	9.3	144.94	487.6				1.3876	69.4	56.7	78.2	81.9	56.8	65.9	78.3	83.4	54.1	0	62.9	50.9	69.3	59.8	87.1	47.3	3.6	6			
194	2019-03-29T10:50:16	0.2281	0.3001	0.1485	0.4395	61.66	-29.26	-21.8	274.7	361.45	568.26	0.2326	0.3106	0.3106	0.1486	0.4464	62.56	-31.13	-18.58	309.18	412.91	607.17	16643	0.037	0.0386	476.85	9.49	144.87	487.6				1.4181	69.3	56.6	78.2	81.8	56.7	65.8	78.2	83.4	53.9	0	62.9	50.8	69.3	59.7	87	47.1	3.6	6			
195	2019-03-29T10:50:46	0.2278	0.2999	0.1484	0.4393	61.64	-29.29	-21.89	279.37	367.71	579.22	0.2323	0.3104	0.3104	0.1484	0.4463	62.54	-31.17	-18.66	314.45	420.14	618.87	16708	0.037	0.0387	476.85	9.69	144.56	487.5				1.4429	69.2	56.5	78.1	81.7	56.5	65.7	78.2	83.3	53.8	0	62.9	50.6	69.3	59.6	87	47	3.6	6			
196	2019-03-29T10:51:16	0.2277	0.2997	0.1483	0.4392	61.63	-29.31	-21.94	282.29	371.65	585.99	0.2322	0.3103	0.3103	0.1484	0.4462	62.53	-31.19	-18.71	317.76	424.67	626.13	16772	0.037	0.0387	476.85	9.79	144.63	487.5				1.4587	69.2	56.4	78.1	81.7	56.5	65.6	78.1	83.3	53.8	0	62.7	50.5	69.2	59.5	87	46.9	3.6	6			
197	2019-03-29T10:51:46	0.2275	0.2996	0.1482	0.4391	61.62	-29.32	-22	284.6	374.73	591.59	0.232	0.3102	0.3102	0.1483	0.4461	62.52	-31.21	-18.76	320.35	428.25	632.11	16994	0.037	0.0388	476.85	9.88	144.65	487.5				1.4717	69.3	56.5	78	81.8	56.6	65.7	78.1	83.4	53.9	0	62.6	50.6	69.1	59.5	87	47	3.6	6			
198	2019-03-29T10:52:17	0.2265	0.2979	0.148	0.438	61.47	-29.16	-22.54	267.33	351.64	561.35	0.2309	0.3086	0.3086	0.148	0.445	62.39	-31.13	-19.28	300.97	402.22	600.03	17346	0.037	0.0387	476.85	9.34	144.37	487.4				1.3877	69.1	56.2	78	81.5	56.3	65.5	78	83.3	53.7	0	62.6	50.3	69.3	59.3	86.9	46.8	3.7	6			
199	2019-03-29T10:52:46	0.2272	0.2989	0.1482	0.4387	61.56	-29.24	-22.21	256.09	337	534.29	0.2316	0.3095	0.3095	0.1482	0.4457	62.47	-31.16	-18.97	288.29	385.24	571.04	17039	0.037	0.0387	476.85	8.91	144.64	487.5				1.3261	69.2	56.4	78	81.7	56.4	65.6	78.1	83.4	53.8	0	62.7	50.4	69.2	59.4	87	46.9	3.6	6			
200	2019-03-29T10:53:16	0.2273	0.2992	0.1482	0.4389	61.58	-29.28	-22.13	266.08	350.28	554.43	0.2318	0.3098	0.3098	0.1482	0.4458	62.49	-31.2	-18.88	299.53	400.39	592.48	16995	0.037	0.0388	476.85	9.26	144.46	487.5				1.3767	69.2	56.4	78	81.7	56.4	65.6	78.1	83.3	53.8	0	62.7	50.5	69.2	59.4	87	46.9	3.6	6			
201	2019-03-29T10:53:47	0.2274	0.2994	0.1482	0.439	61.6	-29.27	-22.06	261.43	344.1	543.9	0.2319	0.31	0.31	0.1483	0.4459	62.5	-31.18	-18.82	294.29	393.28	581.23	16994	0.037	0.0387	476.85	9.08	144.74	487.5				1.3525	69.2	56.5	78	81.8	56.6	65.7	78.1	83.4	53.9	0	62.7	50.6	69.2	59.5	87	47	3.6	6			
202	2019-03-29T10:54:17	0.2272	0.2992	0.1481	0.4389	61.59	-29.31	-22.12	265.11	349.08	552.46	0.2317	0.3098	0.3098	0.1482	0.4458	62.49	-31.22	-18.88	298.44	399.02	590.38	16995	0.037	0.0388	476.85	9.22	144.57	487.5				1.3729	69.1	56.3	78	81.7	56.4	65.6	78.1	83.3	53.8	0	62.6	50.4	69.2	59.4	87	46.9	3.7	6			
203	2019-03-29T10:54:47	0.227	0.2991	0.148	0.4387	61.57	-29.35	-22.19	265.45	349.68	554.14	0.2315	0.3097	0.3097	0.1481	0.4457	62.48	-31.27	-18.94	298.84	399.76	592.18	17039	0.037	0.0389	476.85	9.25	144.43	487.5				1.3749	69.1	56.2	77.9	81.6	56.3	65.5	78	83.3	53.7	0	62.5	50.3	69.2	59.3	86.9	46.7	3.7	6			
204	2019-03-29T10:55:17	0.2267	0.2987	0.1479	0.4384	61.54	-29.36	-22.33	268.03	353.15	561.3	0.2312	0.3093	0.3093	0.1479	0.4455	62.45	-31.29	-19.07	301.78	403.84	599.88	17284	0.037	0.0389	476.85	9.36	144.46	487.4				1.3902	69	56.1	77.8	81.6	56.2	65.4	77.9	83.3	53.6	0	62.3	50.2	69.1	59.1	86.9	46.6	3.7	6			
205	2019-03-29T10:55:47	0.2265	0.2984	0.1479	0.4382	61.51	-29.31	-22.42	270.66	356.5	567.74	0.231	0.3091	0.3091	0.1479	0.4453	62.43	-31.27	-19.16	304.74	407.73	606.8	17284	0.037	0.0389	476.85	9.46	144.32	487.4				1.405	69	56.1	77.9	81.5	56.2	65.4	77.9	83.3	53.6	0	62.4	50.1	69.1	59.1	86.9	46.6	3.7	6			
206	2019-03-29T10:56:17	0.2265	0.2983	0.1479	0.4382	61.51	-29.31	-22.43	270.52	356.32	567.49	0.231	0.309	0.309	0.1479	0.4453	62.43	-31.27	-19.17	304.59	407.52	606.54	17284	0.037	0.0389	476.85	9.46	144.3	487.4				1.405	69	56.1	77.9	81.5	56.2	65.4	77.9	83.3	53.6	0	62.4	50.1	69.1	59.1	86.8	46.6	3.7	6			
207	2019-03-29T10:56:47	0.2264	0.2983	0.1478	0.4382	61.51	-29.36	-22.46	270.96	357.06	569.01	0.2308	0.309	0.309	0.1478	0.4452	62.42	-31.31	-19.19	305.1	408.4	608.18	17346	0.037	0.039	476.85	9.49	144.15	487.4				1.4077	68.9	56	77.8	81.5	56.1	65.4	77.9	83.3	53.5	0	62.3	50	69.1	59	86.8	46.5	3.7	6			
208	2019-03-29T10:57:17	0.2263	0.2983	0.1478	0.4382	61.51	-29.37	-22.46	270.16	356.05	567.45	0.2308	0.309	0.309	0.1478	0.4452	62.42	-31.32	-19.2	304.2	407.25	606.5	17346	0.037	0.039	476.85	9.47	144.06	487.4				1.4033	68.9	56	77.8	81.5	56.1	65.3	77.9	83.3	53.5	0	62.3	50	69	59	86.8	46.5	3.7	6			
209	2019-03-29T10:57:47	0.2265	0.2984	0.1479	0.4383	61.52	-29.33	-22.4	260.51	343.18	546.26	0.231	0.3091	0.3091	0.1479	0.4453	62.43	-31.28	-19.14	293.32	392.49	583.85	17284	0.037	0.0389	476.85	9.11	144.23	487.4				1.3523	69	56.1	77.9	81.5	56.2	65.5	77.9	83.3	53.6	0	62.4	50.2	69.1	59.2	86.9	46.7	3.7	6			
210	2019-03-29T10:58:17	0.2264	0.2983	0.1478	0.4382	61.5	-29.33	-22.46	258.12	340.06	541.98	0.2309	0.309	0.309	0.1479	0.4452	62.42	-31.29	-19.2	290.64	388.96	579.31	17346	0.037	0.0389	476.85	9.03	144.38	487.4				1.3404	69	56	77.8	81.5	56.2	65.4	77.9	83.3	53.6	0	62.3	50.1	69.1	59.1	86.9	46.6	3.7	6			
211	2019-03-29T10:58:47	0.2262	0.2981	0.1477	0.438	61.49	-29.37	-22.52	262.18	345.56	551.41	0.2307	0.3088	0.3088	0.1477	0.4451	62.41	-31.34	-19.25	295.22	395.29	589.38	17496	0.037	0.039	476.85	9.17	144.31	487.4				1.3625	68.9	56	77.8	81.6	56.2	65.4	77.8	83.3	53.6	0	62.2	50.1	69	59	86.9	46.5	3.7	6			
212	2019-03-29T10:59:18	0.226	0.2979	0.1476	0.4379	61.48	-29.39	-22.59	266.84	351.77	562.07	0.2305	0.3087	0.3087	0.1477	0.445	62.4	-31.36	-19.31	300.48	402.47	600.79	17532	0.037	0.0391	476.85	9.37	144.08	487.4				1.3886	68.9	55.9	77.7	81.5	56.1	65.3	77.8	83.3	53.5	0	62.2	50	69	58.9	86.8	46.4	3.7	6			
213	2019-03-29T10:59:47	0.2258	0.2977	0.1476	0.4377	61.45	-29.39	-22.69	269.07	354.75	568.01	0.2302	0.3084	0.3084	0.1476	0.4448	62.38	-31.38	-19.4	303.01	405.95	607.15	17742	0.037	0.0391	476.85	9.45	144.05	487.4				1.4009	68.9	55.9	77.7	81.5	56.1	65.3	77.8	83.3	53.6	0	62	50	68.9	58.9	86.9	46.4	3.7	6			
214	2019-03-29T11:00:17	0.2257	0.2977	0.1475	0.4377	61.45	-29.4	-22.68	267.89	353.25	565.55	0.2302	0.3085	0.3085	0.1476	0.4448	62.38	-31.39	-19.4	301.69	404.22	604.53	17742	0.037	0.0391	476.85	9.42	143.98	487.4				1.3949	68.9	55.8	77.7	81.5	56	65.3	77.8	83.3	53.5	0	62	49.9	68.9	58.8	86.9	46.4	3.7	6			
215	2019-03-29T11:00:47	0.2257	0.2977	0.1475	0.4377	61.46	-29.42	-22.67	265.02	349.51	559.47	0.2302	0.3085	0.3085	0.1475	0.4448	62.38	-31.4	-19.4	298.47	399.94	598.04	17742	0.037	0.0391	476.85	9.32	144.04	487.4				1.3804	68.9	55.8	77.6	81.5	56	65.2	77.8	83.3	53.5	0	62	49.9	68.9	58.8	86.9	46.4	3.7	6			
216	2019-03-29T11:01:17	0.2256	0.2975	0.1474	0.4376	61.44	-29.42	-22.75	264.32	348.62	558.94	0.23	0.3083	0.3083	0.1475	0.4447	62.36	-31.42	-19.47	297.68	398.99	597.49	17779	0.037	0.0392	476.85	9.31	144.06	487.3				1.3775	68.8	55.7	77.6	81.4	55.9	65.2	77.7	83.3	53.4	0	62	49.8	68.9	58.8	86.8	46.3	3.7	6			
217	2019-03-29T11:01:47	0.2255	0.2974	0.1474	0.4375	61.43	-29.4	-22.79	261.5	344.83	553.32	0.23	0.3082	0.3082	0.1475	0.4446	62.35	-31.4	-19.51	294.51	394.68	591.52	17829	0.037	0.0391	476.85	9.21	143.93	487.3				1.3637	68.8	55.8	77.6	81.5	56	65.2	77.7	83.3	53.5	0	62	49.9	68.9	58.8	86.8	46.4	3.7	6			
218	2019-03-29T11:02:17	0.2255	0.2975	0.1475	0.4376	61.43	-29.41	-22.76	255.51	336.97	540.35	0.23	0.3083	0.3083	0.1475	0.4447	62.36	-31.41	-19.48	287.76	385.66	577.66	17789	0.037	0.0392	476.85	8.99	144.1	487.3				1.3318	68.8	55.8	77.6	81.5	56	65.2	77.7	83.3	53.5	0	61.9	49.8	68.9	58.8	86.8	46.3	3.7	6			
219	2019-03-29T11:02:47	0.2255	0.2973	0.1474	0.4375	61.42	-29.4	-22.8	252.62	333.15	534.71	0.2299	0.3081	0.3081	0.1474	0.4446	62.35	-31.4	-19.52	284.52	381.31	571.65	17829	0.037	0.0392	476.85	8.89	144.05	487.3				1.3176	68.8	55.7	77.6	81.5	56	65.2	77.7	83.3	53.5	0	61.9	49.8	68.9	58.7	86.8	46.3	3.7	6			
220	2019-03-29T11:03:17	0.2253	0.2972	0.1474	0.4374	61.41	-29.41	-22.85	249.83	329.5	529.38	0.2298	0.308	0.308	0.1474	0.4445	62.34	-31.41	-19.57	281.38	377.16	565.96	17835	0.037	0.0392	476.85	8.8	144.01	487.3				1.3033	68.8	55.7	77.6	81.4	55.9	65.2	77.7	83.3	53.4	0	61.9	49.7	68.9	58.7	86.8	46.3	3.7	6			
221	2019-03-29T11:03:47	0.2254	0.2972	0.1474	0.4373	61.41	-29.38	-22.86	245.89	324.23	521.01	0.2298	0.308	0.308	0.1474	0.4445	62.34	-31.39	-19.58	276.94	371.13	557.03	17841	0.037	0.0392	476.85	8.65	144.17	487.3				1.2827	68.8	55.7	77.6	81.4	55.9	65.2	77.7	83.3	53.5	0	61.9	49.7	68.9	58.7	86.8	46.3	3.7	6			
222	2019-03-29T11:04:17	0.2254	0.2971	0.1474	0.4373	61.41	-29.37	-22.86	243.22	320.68	515.34	0.2298	0.3079	0.3079	0.1474	0.4445	62.33	-31.38	-19.58	273.94	367.06	551	17841	0.037	0.0391	476.85	8.56	144.29	487.3				1.2691	68.8	55.7	77.6	81.5	56	65.2	77.7	83.3	53.5	0	61.9	49.8	69	58.7	86.8	46.3	3.7	6			
223	2019-03-29T11:04:47	0.2253	0.2972	0.1474	0.4374	61.41	-29.42	-22.84	241.79	318.95	512.3	0.2298	0.308	0.308	0.1474	0.4445	62.34	-31.42	-19.56	272.34	365.06	547.73	17829	0.037	0.0392	476.85	8.5	144.21	487.3				1.2611	68.8	55.6	77.6	81.4	55.9	65.1	77.6	83.3	53.4	0	61.9	49.7	68.9	58.7	86.8	46.2	3.7	6			
224	2019-03-29T11:05:17	0.2252	0.2969	0.1474	0.4371	61.38	-29.34	-22.95	239.31	315.46	507.89	0.2296	0.3077	0.3077	0.1474	0.4443	62.31	-31.36	-19.67	269.54	361.14	543.07	17884	0.037	0.0391	476.85	8.44	144.1	487.3				1.2495	68.8	55.7	77.6	81.4	55.9	65.2	77.7	83.3	53.5	0	62	49.7	69	58.7	86.8	46.3	3.7	6			
225	2019-03-29T11:05:48	0.225	0.2962	0.1475	0.4367	61.32	-29.17	-23.14	221.27	291.24	470.76	0.2294	0.307	0.307	0.1474	0.4439	62.25	-31.21	-19.86	249.21	333.48	503.5	18345	0.037	0.039	476.85	7.8	144.3	487.2				1.1558	69	55.9	77.6	81.7	56.3	65.4	77.8	83.5	53.9	0	61.9	50.1	69	58.9	87	46.6	3.7	6			
226	2019-03-29T11:06:18	0.2255	0.2959	0.1479	0.4366	61.3	-28.85	-23.18	186.13	244.26	395.19	0.2298	0.3066	0.3066	0.1478	0.4437	62.22	-30.9	-19.92	209.6	279.66	422.8	18162	0.037	0.0386	476.85	6.53	144.74	487.1				0.9708	69.3	56.3	77.9	81.7	56.6	65.7	78	83.6	54.1	0	62.4	50.5	69.4	59.3	87	47	3.7	6			
227	2019-03-29T11:06:49	0.2261	0.295	0.1486	0.4361	61.22	-28.24	-23.33	146.57	191.24	310.39	0.2304	0.3057	0.3057	0.1484	0.4432	62.14	-30.31	-20.1	164.99	218.94	332.25	18345	0.036	0.0378	476.85	5.12	145.02	487				0.7628	69.9	57.3	78.4	82.2	57.5	66.5	78.6	83.9	55.2	0	63.2	51.6	70	60.2	87.3	48.2	3.7	6			
228	2019-03-29T11:07:20	0.227	0.2936	0.1496	0.4354	61.1	-27.3	-23.6	111.43	144.11	235.31	0.2311	0.3042	0.3042	0.1494	0.4424	62.01	-29.42	-20.42	125.36	164.98	252.09	18518	0.035	0.0366	476.85	3.86	145.89	486.8				0.578	70.8	58.7	79.1	82.7	58.7	67.5	79.3	84.3	56.4	0	64.4	53.1	70.9	61.5	87.7	49.6	3.6	6			
229	2019-03-29T11:07:52	0.2281	0.291	0.1512	0.4339	60.87	-25.82	-24.16	82.3	104.98	173.49	0.232	0.3014	0.3014	0.1508	0.4409	61.77	-28.01	-21.04	92.51	120.2	186.12	19051	0.033	0.0348	476.85	2.83	146.84	486.4				0.4253	72.3	60.7	80.2	83.5	60.7	69.1	80.5	85	58.3	0	66.2	55.4	72.2	63.5	88.3	52	3.5	6.1		KZ	
230	2019-03-29T11:08:23	0.2286	0.2886	0.1522	0.4325	60.66	-24.71	-24.73	70.1	88.51	148.07	0.2322	0.2989	0.2989	0.1517	0.4394	61.56	-26.99	-21.65	78.76	101.38	159.03	19207	0.031	0.0335	476.85	2.4	147.39	486				0.3617	73.1	62	81	83.7	61.7	70.1	81.3	85.3	59.4	0	67.8	56.6	73.4	64.7	88.5	53.5	3.4	6.1		KY	
231	2019-03-29T11:08:53	0.2283	0.2881	0.1522	0.4321	60.61	-24.62	-24.91	68.45	86.37	145.01	0.2319	0.2984	0.2984	0.1517	0.439	61.52	-26.92	-21.82	76.91	98.95	155.77	19454	0.031	0.0335	476.85	2.34	147.27	486				0.3531	73.1	62	81	83.7	61.7	70.1	81.3	85.3	59.4	0	67.8	56.6	73.5	64.7	88.5	53.5	3.4	6.1		KY	
232	2019-03-29T11:09:24	0.2286	0.2883	0.1523	0.4323	60.64	-24.62	-24.8	68.65	86.6	145.09	0.2322	0.2986	0.2986	0.1518	0.4392	61.54	-26.9	-21.72	77.13	99.2	155.85	19209	0.031	0.0334	476.85	2.35	147.47	486				0.3541	73.1	62.1	81.1	83.6	61.7	70.1	81.4	85.3	59.4	0	67.9	56.6	73.5	64.8	88.4	53.5	3.4	6.1		KY	
233	2019-03-29T11:09:54	0.2287	0.2884	0.1524	0.4323	60.64	-24.59	-24.78	68.48	86.37	144.66	0.2323	0.2987	0.2987	0.1518	0.4393	61.54	-26.87	-21.71	76.94	98.93	155.38	19209	0.031	0.0334	476.85	2.34	147.36	486				0.3532	73.2	62.2	81.1	83.7	61.8	70.2	81.4	85.3	59.5	0	68	56.8	73.6	64.9	88.5	53.6	3.4	6.1		KY	
234	2019-03-29T11:10:23	0.2288	0.2884	0.1525	0.4324	60.64	-24.52	-24.76	68.55	86.4	144.66	0.2324	0.2987	0.2987	0.1519	0.4393	61.54	-26.81	-21.69	77.01	98.97	155.39	19207	0.031	0.0333	476.85	2.34	147.57	486				0.3541	73.3	62.3	81.2	83.8	62	70.3	81.5	85.4	59.7	0	68	56.9	73.7	65	88.5	53.8	3.4	6.1		KY	
235	2019-03-29T11:10:54	0.2286	0.2885	0.1523	0.4324	60.65	-24.66	-24.77	68.51	86.46	144.78	0.2322	0.2988	0.2988	0.1517	0.4393	61.55	-26.94	-21.7	76.97	99.04	155.5	19209	0.031	0.0335	464.06	2.34	147.49	486				0.3528	73	62	81.1	83.6	61.7	70.1	81.3	85.3	59.3	0	67.8	56.6	73.5	64.7	88.4	53.4	3.4	6.1		KY	
236	2019-03-29T11:11:23	0.2286	0.2884	0.1523	0.4324	60.64	-24.61	-24.78	68.8	86.78	145.32	0.2323	0.2987	0.2987	0.1518	0.4393	61.54	-26.88	-21.7	77.29	99.4	156.09	19209	0.031	0.0334	476.85	2.35	147.45	486				0.355	73.1	62.1	81.1	83.7	61.8	70.2	81.4	85.3	59.5	0	67.9	56.7	73.5	64.9	88.5	53.6	3.4	6.1		KY	
237	2019-03-29T11:11:54	0.2286	0.2883	0.1524	0.4323	60.63	-24.57	-24.82	67.8	85.49	143.28	0.2322	0.2985	0.2985	0.1518	0.4392	61.53	-26.85	-21.74	76.17	97.93	153.92	19209	0.031	0.0334	476.85	2.32	147.47	486				0.3498	73.1	62.1	81.1	83.7	61.8	70.2	81.4	85.3	59.5	0	68	56.7	73.6	64.9	88.5	53.6	3.4	6.1		KY	
238	2019-03-29T11:12:24	0.2286	0.2883	0.1523	0.4323	60.63	-24.58	-24.81	67.91	85.64	143.5	0.2322	0.2986	0.2986	0.1518	0.4392	61.53	-26.86	-21.73	76.3	98.1	154.14	19209	0.031	0.0334	476.85	2.32	147.61	486				0.3504	73.1	62.1	81.1	83.6	61.8	70.2	81.4	85.3	59.5	0	67.9	56.7	73.6	64.9	88.4	53.6	3.4	6.1		KY	
239	2019-03-29T11:12:54	0.2286	0.2883	0.1524	0.4323	60.63	-24.58	-24.8	67.51	85.14	142.63	0.2322	0.2986	0.2986	0.1518	0.4392	61.53	-26.86	-21.72	75.85	97.53	153.22	19209	0.031	0.0334	464.06	2.3	147.54	486				0.3483	73.1	62.1	81.1	83.7	61.8	70.2	81.4	85.3	59.5	0	67.9	56.7	73.6	64.9	88.5	53.6	3.4	6.1		KY	
240	2019-03-29T11:13:24	0.2288	0.2886	0.1524	0.4325	60.66	-24.62	-24.7	67.8	85.52	143	0.2324	0.2989	0.2989	0.1519	0.4394	61.56	-26.89	-21.63	76.17	97.95	153.6	19098	0.031	0.0334	476.85	2.31	147.75	486				0.3496	73.1	62.1	81.1	83.7	61.8	70.2	81.4	85.3	59.5	0	67.9	56.8	73.6	64.9	88.5	53.6	3.4	6.1		KY	
241	2019-03-29T11:13:54	0.229	0.2888	0.1524	0.4327	60.68	-24.63	-24.63	68.56	86.49	144.39	0.2326	0.2991	0.2991	0.1519	0.4396	61.57	-26.89	-21.57	77.02	99.04	155.09	19098	0.031	0.0334	476.85	2.34	147.51	486.1				0.3535	73.2	62.2	81.1	83.8	61.9	70.2	81.4	85.4	59.6	0	67.9	56.9	73.5	64.9	88.5	53.7	3.4	6.1		KY	
242	2019-03-29T11:14:24	0.2291	0.2891	0.1525	0.4328	60.7	-24.66	-24.55	69.13	87.23	145.39	0.2327	0.2993	0.2993	0.152	0.4397	61.6	-26.91	-21.49	77.66	99.88	156.15	19098	0.031	0.0334	476.85	2.35	147.7	486.1				0.3563	73.3	62.3	81.1	83.9	62	70.3	81.4	85.4	59.7	0	67.9	57	73.5	65	88.6	53.7	3.4	6.1		KY	
243	2019-03-29T11:14:54	0.2289	0.2891	0.1523	0.4328	60.7	-24.78	-24.57	68.99	87.16	145.33	0.2325	0.2994	0.2994	0.1518	0.4397	61.6	-27.02	-21.5	77.52	99.81	156.06	19098	0.032	0.0336	476.85	2.35	147.51	486.1				0.3549	73.1	62	81	83.7	61.7	70.1	81.3	85.3	59.3	0	67.7	56.6	73.3	64.7	88.5	53.4	3.4	6.1		KY	
244	2019-03-29T11:15:24	0.229	0.2891	0.1524	0.4329	60.7	-24.7	-24.55	69.34	87.52	145.86	0.2327	0.2994	0.2994	0.1519	0.4397	61.6	-26.94	-21.48	77.9	100.21	156.65	19098	0.031	0.0335	476.85	2.36	147.74	486.1				0.3574	73.2	62.2	81.1	83.9	61.9	70.2	81.4	85.4	59.6	0	67.8	56.9	73.4	64.9	88.6	53.6	3.4	6.1		KY	
245	2019-03-29T11:15:54	0.229	0.2891	0.1524	0.4328	60.7	-24.7	-24.56	69.02	87.13	145.23	0.2327	0.2994	0.2994	0.1519	0.4397	61.6	-26.95	-21.49	77.54	99.77	155.97	19098	0.031	0.0335	476.85	2.35	147.72	486.1				0.3559	73.2	62.2	81.1	83.8	61.9	70.2	81.4	85.4	59.6	0	67.8	56.9	73.4	64.9	88.6	53.7	3.4	6.1		KY	
246	2019-03-29T11:16:24	0.229	0.289	0.1524	0.4328	60.69	-24.67	-24.59	68.33	86.23	143.83	0.2326	0.2992	0.2992	0.1519	0.4397	61.59	-26.93	-21.52	76.76	98.74	154.48	19098	0.031	0.0334	476.85	2.33	147.63	486.1				0.3524	73.2	62.2	81.1	83.8	62	70.3	81.4	85.4	59.6	0	67.9	56.9	73.5	64.9	88.6	53.7	3.4	6.1		KY	
247	2019-03-29T11:16:54	0.229	0.289	0.1524	0.4328	60.69	-24.67	-24.59	67.49	85.17	142.07	0.2326	0.2992	0.2992	0.1519	0.4396	61.59	-26.92	-21.52	75.82	97.53	152.58	19098	0.031	0.0334	476.85	2.3	147.63	486.1				0.3473	73.2	62.2	81.1	83.8	61.9	70.2	81.4	85.4	59.5	0	67.8	56.9	73.5	64.9	88.6	53.6	3.4	6.1		KY	
248	2019-03-29T11:17:24	0.2291	0.2889	0.1525	0.4327	60.69	-24.59	-24.59	67.11	84.63	141.19	0.2327	0.2992	0.2992	0.152	0.4396	61.58	-26.85	-21.53	75.39	96.91	151.64	19098	0.031	0.0333	476.85	2.28	147.64	486.1				0.346	73.3	62.4	81.2	83.9	62.1	70.4	81.5	85.4	59.7	0	68	57.1	73.6	65.1	88.6	53.8	3.4	6.1		KY	
249	2019-03-29T11:17:54	0.2294	0.2892	0.1527	0.433	60.71	-24.56	-24.48	67.06	84.54	140.7	0.2331	0.2994	0.2994	0.1522	0.4398	61.6	-26.8	-21.43	75.33	96.78	151.12	19098	0.031	0.0333	476.85	2.28	147.91	486.1				0.3453	73.5	62.6	81.2	84.1	62.3	70.5	81.6	85.5	60	0	68	57.3	73.6	65.2	88.7	54	3.4	6.1		KY	
250	2019-03-29T11:18:24	0.2296	0.2894	0.1527	0.4331	60.73	-24.57	-24.42	67.74	85.39	141.94	0.2332	0.2996	0.2996	0.1522	0.4399	61.62	-26.8	-21.37	76.08	97.74	152.44	19051	0.031	0.0332	476.85	2.3	147.84	486.1				0.3488	73.5	62.6	81.3	84.1	62.4	70.5	81.6	85.6	60	0	68.1	57.4	73.6	65.3	88.7	54.1	3.4	6.1		KY	
251	2019-03-29T11:18:54	0.2297	0.2897	0.1527	0.4333	60.75	-24.61	-24.32	68.11	85.89	142.48	0.2334	0.2999	0.2999	0.1522	0.4401	61.64	-26.83	-21.27	76.5	98.3	153.01	18654	0.031	0.0333	476.85	2.31	147.88	486.1				0.3504	73.4	62.5	81.3	83.9	62.2	70.4	81.6	85.4	59.8	0	68.2	57.2	73.7	65.2	88.6	54	3.4	6.1		KY	
252	2019-03-29T11:19:24	0.2299	0.2899	0.1527	0.4335	60.78	-24.65	-24.24	68.3	86.16	142.7	0.2335	0.3001	0.3001	0.1523	0.4403	61.66	-26.86	-21.2	76.72	98.6	153.23	18636	0.031	0.0333	476.85	2.31	147.87	486.1				0.3513	73.4	62.6	81.3	84	62.2	70.5	81.6	85.5	59.9	0	68.2	57.3	73.6	65.2	88.7	54	3.4	6.1		KY	
253	2019-03-29T11:19:54	0.2301	0.2903	0.1528	0.4338	60.81	-24.7	-24.12	69.21	87.34	144.27	0.2337	0.3005	0.3005	0.1523	0.4406	61.7	-26.9	-21.07	77.73	99.93	154.9	18518	0.031	0.0333	476.85	2.34	147.97	486.2				0.3559	73.5	62.6	81.3	84	62.3	70.5	81.6	85.5	59.9	0	68.2	57.4	73.6	65.3	88.7	54.1	3.3	6.1		KY	
254	2019-03-29T11:20:24	0.23	0.2905	0.1527	0.4339	60.83	-24.79	-24.08	69.85	88.21	145.6	0.2337	0.3007	0.3007	0.1522	0.4407	61.71	-26.99	-21.03	78.45	100.93	156.31	18488	0.031	0.0334	476.85	2.37	147.77	486.2				0.3585	73.4	62.5	81.2	84	62.2	70.4	81.5	85.4	59.8	0	68.1	57.2	73.5	65.2	88.6	53.9	3.4	6.1		KY	
255	2019-03-29T11:20:54	0.2301	0.2906	0.1527	0.434	60.84	-24.82	-24.04	70.13	88.59	146.11	0.2337	0.3008	0.3008	0.1522	0.4408	61.72	-27.01	-20.99	78.77	101.36	156.85	18345	0.031	0.0334	476.85	2.37	147.75	486.2				0.3599	73.3	62.4	81.2	83.8	62.1	70.4	81.5	85.4	59.7	0	68.1	57.1	73.6	65.1	88.6	53.8	3.4	6.1		KY	
256	2019-03-29T11:21:24	0.23	0.2906	0.1526	0.4339	60.83	-24.83	-24.07	70.22	88.71	146.37	0.2337	0.3007	0.3007	0.1522	0.4407	61.72	-27.02	-21.02	78.87	101.5	157.14	18488	0.032	0.0335	476.85	2.38	147.72	486.2				0.3605	73.3	62.4	81.2	83.9	62.1	70.4	81.5	85.4	59.7	0	68	57.2	73.5	65.1	88.6	53.8	3.4	6.1		KY	
257	2019-03-29T11:21:54	0.2299	0.2904	0.1526	0.4338	60.82	-24.82	-24.12	70.16	88.64	146.4	0.2336	0.3006	0.3006	0.1522	0.4406	61.71	-27.02	-21.06	78.81	101.42	157.17	18518	0.031	0.0335	476.85	2.38	147.79	486.2				0.3604	73.3	62.4	81.2	83.9	62	70.3	81.5	85.4	59.6	0	68	57.1	73.5	65.1	88.6	53.8	3.4	6.1		KY	
258	2019-03-29T11:22:24	0.2297	0.2901	0.1526	0.4336	60.79	-24.77	-24.21	69.66	87.96	145.59	0.2334	0.3003	0.3003	0.1521	0.4404	61.68	-26.98	-21.16	78.24	100.67	156.31	18616	0.031	0.0334	476.85	2.36	147.72	486.2				0.358	73.3	62.4	81.2	83.9	62.1	70.3	81.5	85.4	59.7	0	68	57.1	73.5	65.1	88.6	53.8	3.4	6.1		KY	
259	2019-03-29T11:22:54	0.2295	0.2899	0.1525	0.4334	60.77	-24.79	-24.3	68.92	87.05	144.32	0.2332	0.3001	0.3001	0.152	0.4403	61.66	-27.01	-21.23	77.41	99.64	154.95	18664	0.031	0.0335	476.85	2.34	147.51	486.2				0.3539	73.2	62.2	81.1	83.7	61.9	70.2	81.4	85.3	59.4	0	68	56.9	73.5	64.9	88.5	53.6	3.4	6.1		KY	
260	2019-03-29T11:23:25	0.2294	0.2896	0.1525	0.4332	60.75	-24.72	-24.37	68.68	86.7	143.95	0.2331	0.2999	0.2999	0.1521	0.4401	61.64	-26.94	-21.31	77.15	99.24	154.58	19051	0.031	0.0334	476.85	2.33	147.72	486.1				0.3533	73.4	62.4	81.2	84.1	62.2	70.4	81.5	85.5	59.8	0	67.8	57.2	73.4	65.1	88.7	53.9	3.4	6.1		KY	
261	2019-03-29T11:23:54	0.2294	0.2894	0.1526	0.4331	60.73	-24.66	-24.43	67.87	85.63	142.37	0.233	0.2996	0.2996	0.1521	0.4399	61.62	-26.88	-21.38	76.24	98.03	152.9	19051	0.031	0.0334	476.85	2.31	147.83	486.1				0.3492	73.4	62.4	81.2	84	62.2	70.4	81.5	85.5	59.8	0	67.9	57.2	73.4	65.1	88.7	53.8	3.4	6.1		KY	
262	2019-03-29T11:24:24	0.2294	0.2895	0.1526	0.4331	60.73	-24.66	-24.41	67.5	85.17	141.56	0.2331	0.2997	0.2997	0.1521	0.44	61.63	-26.89	-21.36	75.83	97.49	152.02	19051	0.031	0.0334	476.85	2.29	147.83	486.1				0.3472	73.4	62.4	81.2	84	62.1	70.4	81.5	85.5	59.8	0	67.9	57.2	73.4	65.1	88.7	53.8	3.4	6.1		KY	
263	2019-03-29T11:24:55	0.2294	0.2894	0.1526	0.4331	60.73	-24.65	-24.44	67.55	85.22	141.71	0.233	0.2996	0.2996	0.1521	0.4399	61.62	-26.88	-21.38	75.88	97.56	152.19	19051	0.031	0.0334	476.85	2.29	147.86	486.1				0.3475	73.3	62.4	81.2	84	62.1	70.3	81.5	85.5	59.7	0	67.9	57.1	73.4	65.1	88.7	53.8	3.4	6.1		KY	
264	2019-03-29T11:25:25	0.2294	0.2894	0.1525	0.4331	60.73	-24.67	-24.43	67.44	85.1	141.47	0.233	0.2997	0.2997	0.1521	0.44	61.62	-26.91	-21.37	75.75	97.42	151.92	19051	0.031	0.0334	476.85	2.29	147.78	486.1				0.347	73.3	62.4	81.2	84	62.1	70.4	81.5	85.5	59.7	0	67.9	57.2	73.4	65.1	88.7	53.8	3.4	6.1		KY	
265	2019-03-29T11:25:56	0.2294	0.2896	0.1525	0.4332	60.75	-24.72	-24.38	67.7	85.46	141.94	0.2331	0.2998	0.2998	0.152	0.4401	61.64	-26.94	-21.32	76.05	97.83	152.42	19051	0.031	0.0334	476.85	2.3	147.66	486.1				0.3478	73.3	62.4	81.1	84.1	62.1	70.3	81.4	85.5	59.8	0	67.8	57.1	73.4	65	88.7	53.8	3.4	6.1		KY	
266	2019-03-29T11:26:25	0.2292	0.2893	0.1525	0.433	60.72	-24.68	-24.49	67.69	85.43	142.22	0.2328	0.2995	0.2995	0.152	0.4398	61.61	-26.92	-21.43	76.05	97.81	152.74	19098	0.031	0.0334	476.85	2.3	147.87	486.1				0.3486	73.3	62.3	81.1	83.9	62	70.3	81.4	85.4	59.6	0	67.8	57	73.4	65	88.6	53.7	3.4	6.1		KY	
267	2019-03-29T11:26:55	0.229	0.2891	0.1524	0.4329	60.7	-24.69	-24.55	67.4	85.07	141.78	0.2327	0.2994	0.2994	0.1519	0.4397	61.6	-26.94	-21.48	75.72	97.41	152.27	19098	0.031	0.0335	476.85	2.3	147.58	486.1				0.3472	73.2	62.2	81.1	83.8	61.9	70.2	81.4	85.4	59.5	0	67.8	56.9	73.4	64.9	88.6	53.6	3.4	6.1		KY	
268	2019-03-29T11:27:25	0.229	0.289	0.1524	0.4328	60.7	-24.7	-24.58	67.01	84.58	141.05	0.2326	0.2993	0.2993	0.1519	0.4397	61.59	-26.94	-21.51	75.28	96.86	151.5	19098	0.031	0.0335	476.85	2.29	147.71	486.1				0.3453	73.2	62.1	81.1	83.8	61.9	70.2	81.4	85.3	59.5	0	67.8	56.8	73.4	64.9	88.5	53.5	3.4	6.1		KY	
269	2019-03-29T11:27:55	0.2291	0.2891	0.1524	0.4328	60.7	-24.67	-24.56	67.34	84.98	141.66	0.2327	0.2993	0.2993	0.1519	0.4397	61.59	-26.91	-21.49	75.66	97.31	152.14	19098	0.031	0.0334	476.85	2.29	147.62	486.1				0.3469	73.2	62.2	81.1	83.9	62	70.3	81.4	85.4	59.6	0	67.9	56.9	73.5	65	88.6	53.7	3.4	6.1		KY	
270	2019-03-29T11:28:25	0.2291	0.2891	0.1524	0.4329	60.7	-24.69	-24.54	67.18	84.79	141.3	0.2327	0.2994	0.2994	0.1519	0.4397	61.6	-26.94	-21.48	75.47	97.09	151.75	19098	0.031	0.0335	476.85	2.29	147.82	486.1				0.3461	73.2	62.2	81.1	83.8	61.9	70.2	81.4	85.4	59.5	0	67.8	56.9	73.4	64.9	88.6	53.6	3.4	6.1		KY	
271	2019-03-29T11:28:55	0.2291	0.2891	0.1524	0.4329	60.71	-24.68	-24.53	67.06	84.63	141	0.2328	0.2994	0.2994	0.1519	0.4398	61.6	-26.93	-21.47	75.34	96.91	151.43	19098	0.031	0.0334	476.85	2.28	147.74	486.1				0.3455	73.3	62.3	81.1	83.9	62	70.3	81.4	85.4	59.6	0	67.9	57	73.5	65	88.6	53.7	3.4	6.1		KY	
272	2019-03-29T11:29:25	0.2292	0.2892	0.1525	0.433	60.71	-24.68	-24.5	66.75	84.24	140.26	0.2328	0.2995	0.2995	0.152	0.4398	61.61	-26.92	-21.44	74.99	96.45	150.63	19098	0.031	0.0334	476.85	2.27	147.75	486.1				0.3437	73.3	62.3	81.1	83.9	62	70.3	81.4	85.4	59.7	0	67.8	57	73.4	65	88.6	53.7	3.4	6.1		KY	
273	2019-03-29T11:29:55	0.229	0.2892	0.1524	0.4329	60.71	-24.74	-24.52	66.59	84.09	140.07	0.2327	0.2995	0.2995	0.1519	0.4398	61.61	-26.99	-21.46	74.81	96.28	150.42	19098	0.031	0.0335	476.85	2.27	147.54	486.1				0.3425	73.2	62.1	81.1	83.8	61.8	70.2	81.4	85.3	59.5	0	67.8	56.8	73.4	64.9	88.5	53.5	3.4	6.1		KY	
274	2019-03-29T11:30:25	0.229	0.2892	0.1524	0.4329	60.71	-24.74	-24.54	66.82	84.37	140.6	0.2326	0.2994	0.2994	0.1519	0.4398	61.61	-26.99	-21.47	75.07	96.62	150.98	19098	0.031	0.0335	476.85	2.28	147.55	486.1				0.3436	73.1	62.1	81.1	83.8	61.8	70.2	81.4	85.3	59.4	0	67.8	56.8	73.4	64.9	88.5	53.5	3.4	6.1		KY	
275	2019-03-29T11:30:55	0.229	0.2891	0.1524	0.4328	60.7	-24.7	-24.57	66.78	84.3	140.56	0.2326	0.2993	0.2993	0.1519	0.4397	61.59	-26.95	-21.5	75.03	96.53	150.96	19098	0.031	0.0335	476.85	2.28	147.74	486.1				0.3441	73.2	62.1	81.1	83.8	61.9	70.2	81.4	85.3	59.5	0	67.8	56.8	73.4	64.9	88.5	53.6	3.4	6.1		KY	
276	2019-03-29T11:31:26	0.229	0.2891	0.1524	0.4329	60.71	-24.71	-24.54	66.8	84.33	140.52	0.2327	0.2994	0.2994	0.1519	0.4398	61.6	-26.95	-21.47	75.05	96.56	150.91	19098	0.031	0.0335	476.85	2.28	147.75	486.1				0.3442	73.2	62.2	81.1	83.8	61.9	70.2	81.4	85.3	59.5	0	67.8	56.9	73.4	64.9	88.5	53.6	3.4	6.1		KY	
277	2019-03-29T11:31:55	0.229	0.289	0.1524	0.4328	60.69	-24.69	-24.59	66.55	83.99	140.1	0.2326	0.2992	0.2992	0.1519	0.4397	61.59	-26.93	-21.52	74.77	96.18	150.47	19098	0.031	0.0335	476.85	2.27	147.62	486.1				0.3429	73.1	62.1	81.1	83.8	61.8	70.2	81.4	85.3	59.4	0	67.8	56.8	73.4	64.8	88.5	53.5	3.4	6.1		KY	
278	2019-03-29T11:32:25	0.229	0.2891	0.1524	0.4328	60.7	-24.7	-24.55	67.44	85.13	141.9	0.2327	0.2994	0.2994	0.1519	0.4397	61.6	-26.95	-21.48	75.77	97.48	152.39	19098	0.031	0.0335	476.85	2.3	147.69	486.1				0.3476	73.2	62.2	81.1	83.8	61.9	70.2	81.4	85.3	59.6	0	67.9	56.9	73.5	64.9	88.5	53.6	3.4	6.1		KY	
279	2019-03-29T11:32:55	0.2292	0.2896	0.1524	0.4332	60.74	-24.8	-24.42	68.42	86.44	143.67	0.2329	0.2998	0.2998	0.1519	0.44	61.64	-27.02	-21.35	76.87	98.96	154.27	19051	0.032	0.0335	476.85	2.33	147.73	486.1				0.3525	73.2	62.2	81	83.9	61.9	70.2	81.4	85.4	59.5	0	67.7	56.9	73.3	64.9	88.6	53.5	3.4	6.1		KY	
280	2019-03-29T11:33:25	0.2293	0.2898	0.1524	0.4334	60.77	-24.86	-24.33	69.25	87.53	145.21	0.233	0.3001	0.3001	0.1519	0.4402	61.66	-27.07	-21.27	77.8	100.19	155.92	19051	0.032	0.0336	476.85	2.36	147.56	486.2				0.3565	73.2	62.1	81	84	61.9	70.2	81.3	85.4	59.5	0	67.6	56.9	73.2	64.8	88.7	53.5	3.4	6.1		KY	
281	2019-03-29T11:33:55	0.2292	0.2898	0.1523	0.4333	60.76	-24.87	-24.34	69.08	87.33	144.93	0.2329	0.3	0.3	0.1519	0.4402	61.66	-27.08	-21.28	77.61	99.97	155.62	19051	0.032	0.0336	476.85	2.35	147.75	486.2				0.3557	73.1	62.1	81	84	61.8	70.1	81.3	85.4	59.5	0	67.5	56.8	73.2	64.8	88.6	53.4	3.4	6.1		KY	
282	2019-03-29T11:34:25	0.2287	0.2899	0.152	0.4333	60.77	-25.12	-24.38	68.62	86.95	144.4	0.2325	0.3002	0.3002	0.1515	0.4402	61.67	-27.33	-21.3	77.11	99.55	155.01	19098	0.032	0.034	476.85	2.35	147.45	486.2				0.3525	72.8	61.6	80.7	83.7	61.3	69.7	81.1	85.2	58.9	0	67.1	56.2	72.9	64.3	88.5	52.8	3.4	6.1		KY	
283	2019-03-29T11:34:55	0.2294	0.2901	0.1523	0.4335	60.79	-24.94	-24.25	69.49	87.9	145.58	0.2331	0.3003	0.3003	0.1519	0.4404	61.68	-27.14	-21.18	78.07	100.61	156.29	18639	0.032	0.0337	476.85	2.36	147.72	486.2				0.3578	73	61.9	81	83.7	61.6	70	81.3	85.2	59.2	0	67.7	56.6	73.3	64.7	88.5	53.3	3.4	6.1		KY	
284	2019-03-29T11:35:26	0.2295	0.2904	0.1524	0.4338	60.82	-24.98	-24.15	69.47	87.91	145.29	0.2333	0.3006	0.3006	0.1519	0.4406	61.71	-27.16	-21.09	78.05	100.6	155.98	18581	0.032	0.0337	476.85	2.36	147.89	486.2				0.3575	73	62	81	83.8	61.7	70	81.3	85.3	59.2	0	67.6	56.6	73.2	64.7	88.5	53.3	3.4	6.1		KY	
285	2019-03-29T11:35:55	0.2295	0.2905	0.1523	0.4338	60.83	-25.04	-24.13	69.72	88.27	145.83	0.2332	0.3007	0.3007	0.1519	0.4406	61.72	-27.22	-21.07	78.34	101.01	156.54	18518	0.032	0.0338	476.85	2.37	147.76	486.2				0.3583	72.9	61.8	81	83.7	61.5	69.9	81.2	85.2	59	0	67.6	56.5	73.2	64.6	88.5	53.1	3.4	6.1		KY	
286	2019-03-29T11:36:26	0.2296	0.2905	0.1524	0.4338	60.82	-24.99	-24.13	69.53	87.99	145.37	0.2333	0.3007	0.3007	0.1519	0.4406	61.71	-27.17	-21.08	78.12	100.68	156.06	18518	0.032	0.0337	476.85	2.36	147.9	486.2				0.3577	73	61.9	81	83.7	61.6	70	81.3	85.2	59.2	0	67.7	56.6	73.2	64.7	88.5	53.2	3.4	6.1		KY	
287	2019-03-29T11:36:56	0.2293	0.2902	0.1523	0.4336	60.8	-24.98	-24.25	67.9	85.92	142.29	0.233	0.3004	0.3004	0.1519	0.4404	61.69	-27.17	-21.18	76.29	98.34	152.77	18641	0.032	0.0337	476.85	2.31	147.71	486.2				0.349	72.9	61.8	81	83.7	61.5	69.9	81.2	85.2	59	0	67.6	56.5	73.2	64.6	88.4	53.1	3.4	6.1		KY	
288	2019-03-29T11:37:26	0.2294	0.2901	0.1523	0.4335	60.79	-24.93	-24.25	67.62	85.53	141.66	0.2331	0.3003	0.3003	0.1519	0.4404	61.68	-27.13	-21.2	75.97	97.89	152.1	18641	0.032	0.0337	476.85	2.3	147.8	486.2				0.3483	73	61.9	81	83.7	61.6	70	81.3	85.2	59.2	0	67.7	56.6	73.3	64.7	88.5	53.3	3.4	6.1		KY	
289	2019-03-29T11:37:56	0.2294	0.2902	0.1523	0.4336	60.8	-24.98	-24.22	68.3	86.43	143.05	0.2331	0.3005	0.3005	0.1519	0.4405	61.69	-27.18	-21.15	76.74	98.92	153.58	18639	0.032	0.0337	476.85	2.32	147.56	486.2				0.3517	73	61.9	81	83.7	61.6	69.9	81.3	85.2	59.1	0	67.6	56.5	73.2	64.6	88.5	53.2	3.4	6.1		KY	
290	2019-03-29T11:38:25	0.2296	0.2907	0.1523	0.4339	60.84	-25.07	-24.08	68.98	87.35	144.16	0.2333	0.3009	0.3009	0.1519	0.4407	61.73	-27.24	-21.02	77.5	99.95	154.74	18518	0.032	0.0338	476.85	2.34	147.74	486.3				0.355	73	61.9	80.9	83.7	61.6	69.9	81.2	85.2	59.1	0	67.6	56.5	73.2	64.6	88.5	53.2	3.4	6.1		KY	
291	2019-03-29T11:38:56	0.2273	0.2872	0.1517	0.4314	60.54	-24.75	-25.22	62.52	79.01	133.52	0.2309	0.2977	0.2977	0.1512	0.4385	61.45	-27.09	-22.11	70.27	90.58	143.44	20076	0.032	0.0338	476.85	2.16	146.95	485.9				0.3234	72.8	61.5	80.8	83.5	61.3	69.8	81.1	85.2	59	0	67.2	56.1	73.2	64.3	88.3	52.9	3.5	6.1		KX	
292	2019-03-29T11:39:27	0.214	0.2661	0.1485	0.4154	58.61	-22.51	-32.17	38.72	48.14	94.04	0.2171	0.278	0.278	0.1471	0.4239	59.71	-25.83	-28.74	43.64	55.89	101.53	0	0.09	na	462.22	1.5	138.19	484.1				0.2094	34.4	24.5	83.9	20.8	1.9	35.5	70.9	37.7	0	0	73.7	0	51.3	42.6	50.1	7.8	4.2	6.5			
293	2019-03-29T11:39:58	0.2281	0.2881	0.1521	0.4321	60.61	-24.7	-24.92	62.7	79.17	132.95	0.2318	0.2984	0.2984	0.1516	0.439	61.51	-26.98	-21.84	70.46	90.71	142.83	19503	0.031	0.0336	476.85	2.15	147.45	486				0.3234	72.9	61.7	80.9	83.6	61.5	69.9	81.2	85.2	59	0	67.5	56.3	73.3	64.5	88.4	53.1	3.4	6.1		KX	
294	2019-03-29T11:40:26	0.2295	0.29	0.1524	0.4335	60.78	-24.85	-24.27	65.98	83.38	138.17	0.2332	0.3002	0.3002	0.152	0.4403	61.67	-27.05	-21.21	74.12	95.44	148.36	18641	0.032	0.0336	476.85	2.24	147.98	486.2				0.339	73.1	62	81.1	83.7	61.7	70.1	81.4	85.2	59.2	0	67.8	56.7	73.4	64.8	88.5	53.4	3.4	6.1		KY	
295	2019-03-29T11:40:56	0.2297	0.2902	0.1526	0.4336	60.8	-24.8	-24.2	66.38	83.84	138.73	0.2334	0.3003	0.3003	0.1521	0.4404	61.68	-26.99	-21.15	74.56	95.95	148.96	18607	0.031	0.0335	476.85	2.25	148.06	486.2				0.3414	73.2	62.2	81.1	83.9	61.9	70.2	81.4	85.3	59.4	0	67.9	56.9	73.4	65	88.6	53.6	3.4	6.1		KY	
296	2019-03-29T11:41:26	0.2294	0.29	0.1524	0.4335	60.78	-24.86	-24.27	66.78	84.4	139.87	0.2331	0.3002	0.3002	0.152	0.4403	61.67	-27.06	-21.22	75.02	96.6	150.18	18654	0.032	0.0336	476.85	2.27	147.94	486.2				0.3433	73	62	81.1	83.7	61.7	70.1	81.3	85.2	59.2	0	67.8	56.7	73.4	64.8	88.5	53.4	3.4	6.1		KY	
297	2019-03-29T11:41:56	0.2294	0.2902	0.1523	0.4336	60.8	-24.96	-24.22	68.19	86.28	142.8	0.2331	0.3004	0.3004	0.1519	0.4405	61.69	-27.16	-21.16	76.62	98.75	153.31	18639	0.032	0.0337	476.85	2.32	147.72	486.2				0.3505	73	61.9	81	83.7	61.6	70	81.3	85.2	59.1	0	67.6	56.6	73.2	64.7	88.5	53.2	3.4	6.1		KY	
298	2019-03-29T11:42:26	0.2294	0.2901	0.1523	0.4335	60.79	-24.93	-24.25	68.45	86.58	143.4	0.2331	0.3003	0.3003	0.1519	0.4404	61.68	-27.13	-21.19	76.9	99.09	153.96	18641	0.032	0.0337	476.85	2.33	147.82	486.2				0.3526	73	61.9	81	83.7	61.6	70	81.3	85.2	59.2	0	67.7	56.6	73.3	64.7	88.5	53.3	3.4	6.1		KY	