;GL_SpectroSoft	3.1.07
;SPX	6.4.2(0.7.2)
Pos	Name	x2	y2	u2'	v2'	L2	a2	b2	X2	Y2	Z2	x10	y10	y10	u10'	v10'	L10	a10	b10	X10	Y10	Z10	CCT	ChErr	Duv	ColPeak	ColPeakVal	Lambda2	ColDom	LumInt	LumEff	Purity	Radiometric	Ra	R1	R2	R3	R4	R5	R6	R7	R8	R9	R10	R11	R12	R13	R14	R15	Mivis	Miuv	Binning	Brightness	Pass
										lx													K			nm		nm	nm				W/m²																					
1	2019-04-01T10:23:40	0.3634	0.4013	0.2051	0.5095	69.56	-11.99	24.04	28519.39	31491.06	18469.83	0.3695	0.4023	0.4023	0.2085	0.5108	69.63	-10.3	25.41	31107.47	33863.65	19213.89	4610	0.021	0.0164	550.45	468.83	273.14	568.7				117.4658	88.8	86.9	91.8	96.3	83.8	86.4	90.8	92.2	82.4	53	84.4	82.9	76.9	87.5	97.6	81	1.5	3.1			
2	2019-04-01T10:24:10	0.3627	0.4008	0.2048	0.5092	69.53	-12.06	23.79	28652.39	31659.13	18677.42	0.3688	0.4018	0.4018	0.2083	0.5105	69.6	-10.38	25.16	31257.56	34051.03	19435.29	4627	0.021	0.0164	550.45	471.46	272.57	568.6				117.8248	88.7	86.8	91.8	96.3	83.7	86.3	90.8	92.2	82.1	52.4	84.3	82.8	76.9	87.4	97.6	80.8	1.5	3.1			
3	2019-04-01T10:24:40	0.3627	0.4008	0.2048	0.5092	69.53	-12.09	23.78	28727.67	31749	18734.96	0.3688	0.4018	0.4018	0.2082	0.5105	69.6	-10.4	25.15	31340.47	34147.88	19494.37	4629	0.021	0.0165	552.21	473.08	272.46	568.6				118.1232	88.7	86.8	91.8	96.3	83.7	86.2	90.7	92.1	82.1	52.2	84.2	82.7	76.8	87.4	97.6	80.8	1.5	3.1			
4	2019-04-01T10:25:10	0.3626	0.4008	0.2047	0.5092	69.53	-12.1	23.77	28779.85	31810.11	18775.02	0.3687	0.4018	0.4018	0.2082	0.5105	69.6	-10.42	25.15	31397.45	34214.02	19535.12	4630	0.021	0.0165	550.45	474.45	272.46	568.6				118.3095	88.7	86.8	91.8	96.3	83.6	86.2	90.7	92.1	82.1	52.2	84.2	82.7	76.8	87.4	97.6	80.7	1.5	3.1			
5	2019-04-01T10:25:40	0.3625	0.4008	0.2047	0.5092	69.53	-12.13	23.74	28764.76	31802.13	18780.71	0.3686	0.4018	0.4018	0.2081	0.5104	69.6	-10.44	25.12	31382.89	34205.36	19542.88	4632	0.021	0.0165	552.21	474.04	272.4	568.5				118.2336	88.7	86.7	91.7	96.3	83.6	86.1	90.7	92.1	82	51.9	84.2	82.6	76.7	87.3	97.6	80.6	1.5	3.1			
6	2019-04-01T10:26:10	0.3625	0.4008	0.2047	0.5092	69.53	-12.14	23.76	29037.64	32106.67	18954.61	0.3687	0.4018	0.4018	0.2081	0.5105	69.6	-10.45	25.14	31680.85	34532.89	19723.16	4632	0.021	0.0165	550.45	478.91	272.35	568.5				119.3252	88.6	86.7	91.7	96.3	83.6	86.1	90.7	92.1	81.9	51.8	84.1	82.6	76.7	87.3	97.6	80.6	1.5	3.1			
7	2019-04-01T10:26:40	0.3625	0.4007	0.2047	0.5091	69.52	-12.13	23.72	29091.59	32164.08	19004.1	0.3686	0.4017	0.4017	0.2081	0.5104	69.59	-10.44	25.1	31740.11	34595.09	19776.34	4634	0.021	0.0165	550.45	479.6	272.21	568.5				119.4772	88.6	86.7	91.7	96.3	83.6	86.1	90.7	92.1	82	51.8	84.1	82.6	76.7	87.3	97.6	80.6	1.5	3.1			
8	2019-04-01T10:27:10	0.3623	0.4006	0.2046	0.5091	69.51	-12.14	23.65	28837.87	31886.18	18870.57	0.3684	0.4016	0.4016	0.2081	0.5103	69.59	-10.46	25.03	31463.68	34298.99	19638.05	4637	0.021	0.0165	552.21	475.38	272.28	568.5				118.4557	88.6	86.7	91.7	96.3	83.6	86.1	90.7	92.1	81.9	51.8	84.2	82.6	76.8	87.3	97.6	80.6	1.5	3.1			
9	2019-04-01T10:27:40	0.3622	0.4006	0.2046	0.5091	69.51	-12.17	23.65	29046.54	32124.98	19013.3	0.3684	0.4017	0.4017	0.208	0.5104	69.59	-10.49	25.03	31692.37	34556.02	19786.44	4640	0.021	0.0165	550.45	479.29	272.04	568.4				119.2808	88.6	86.6	91.7	96.3	83.6	86.1	90.7	92.1	81.9	51.7	84.2	82.6	76.8	87.3	97.6	80.6	1.5	3.1			
10	2019-04-01T10:28:10	0.3622	0.4006	0.2045	0.509	69.51	-12.18	23.62	29094.93	32179.68	19058.58	0.3683	0.4016	0.4016	0.208	0.5103	69.58	-10.49	25	31745.1	34615.34	19833.23	4641	0.021	0.0165	550.45	480.15	272.04	568.4				119.4677	88.6	86.7	91.7	96.3	83.6	86.1	90.7	92.1	81.9	51.7	84.2	82.6	76.7	87.3	97.6	80.6	1.5	3.1			
11	2019-04-01T10:28:40	0.3622	0.4006	0.2046	0.509	69.51	-12.16	23.63	29107.87	32188.95	19057.77	0.3684	0.4016	0.4016	0.208	0.5103	69.58	-10.47	25.01	31758.94	34624.79	19833.25	4640	0.021	0.0165	550.45	480.21	271.97	568.5				119.519	88.6	86.7	91.7	96.3	83.6	86.1	90.7	92.1	81.9	51.8	84.2	82.6	76.7	87.3	97.6	80.6	1.5	3.1			
12	2019-04-01T10:29:10	0.3623	0.4007	0.2046	0.5091	69.52	-12.16	23.67	29209.39	32302.19	19111.04	0.3684	0.4017	0.4017	0.2081	0.5104	69.59	-10.47	25.04	31869.87	34745.87	19888.26	4639	0.021	0.0165	550.45	481.73	271.91	568.5				119.8749	88.6	86.6	91.7	96.3	83.5	86.1	90.7	92.1	81.9	51.7	84.1	82.6	76.7	87.3	97.6	80.6	1.5	3.1			
13	2019-04-01T10:29:40	0.3623	0.4007	0.2046	0.5091	69.52	-12.17	23.66	29246.05	32344.02	19137.93	0.3684	0.4017	0.4017	0.208	0.5104	69.59	-10.48	25.04	31909.9	34791.17	19915.86	4639	0.021	0.0165	550.45	482.06	272.24	568.5				120.0325	88.6	86.6	91.7	96.3	83.5	86.1	90.7	92.1	81.9	51.7	84.2	82.6	76.7	87.3	97.6	80.6	1.5	3.1			
14	2019-04-01T10:30:10	0.3624	0.4006	0.2047	0.5091	69.51	-12.12	23.66	29245.15	32330.69	19130.99	0.3685	0.4016	0.4016	0.2081	0.5104	69.58	-10.44	25.04	31907.64	34776.54	19908.7	4637	0.021	0.0165	550.45	482.62	271.96	568.5				120.0033	88.7	86.7	91.7	96.3	83.6	86.1	90.7	92.1	81.9	51.9	84.2	82.7	76.8	87.3	97.6	80.6	1.5	3.1			
15	2019-04-01T10:30:40	0.3625	0.4006	0.2047	0.5091	69.51	-12.1	23.68	29417.94	32515.92	19228.32	0.3686	0.4016	0.4016	0.2082	0.5104	69.59	-10.41	25.06	32095.68	34974.76	20010.79	4634	0.021	0.0165	550.45	484.99	272.15	568.5				120.7596	88.7	86.7	91.8	96.3	83.6	86.2	90.7	92.1	82	51.9	84.2	82.7	76.8	87.3	97.6	80.7	1.5	3.1			
16	2019-04-01T10:31:10	0.3626	0.4007	0.2048	0.5091	69.52	-12.07	23.74	29852.3	32988.16	19481.57	0.3688	0.4017	0.4017	0.2082	0.5104	69.59	-10.38	25.12	32568.3	35480.48	20271.91	4629	0.021	0.0164	550.45	492.07	272.08	568.6				122.4851	88.7	86.7	91.8	96.3	83.6	86.2	90.7	92.1	81.9	51.9	84.2	82.7	76.8	87.3	97.6	80.7	1.5	3.1			
17	2019-04-01T10:31:40	0.3626	0.4007	0.2048	0.5091	69.52	-12.05	23.73	30081.66	33237.09	19634.41	0.3687	0.4017	0.4017	0.2083	0.5104	69.59	-10.37	25.1	32817.95	35748.77	20431.54	4629	0.021	0.0164	550.45	495.73	271.98	568.6				123.438	88.7	86.7	91.8	96.3	83.6	86.2	90.8	92.1	82	52	84.3	82.7	76.8	87.4	97.6	80.7	1.5	3.1			
18	2019-04-01T10:32:10	0.3627	0.4007	0.2048	0.5091	69.52	-12.03	23.74	30010.35	33150.56	19576.24	0.3688	0.4017	0.4017	0.2083	0.5104	69.59	-10.34	25.12	32739.54	35655.05	20371.72	4627	0.021	0.0164	550.45	494.16	272.3	568.6				123.1405	88.7	86.8	91.8	96.3	83.7	86.2	90.8	92.1	82	52.1	84.3	82.8	76.8	87.4	97.6	80.7	1.5	3.1			
19	2019-04-01T10:32:40	0.3626	0.4006	0.2048	0.5091	69.51	-12.02	23.69	30149.53	33303.76	19690.81	0.3687	0.4016	0.4016	0.2083	0.5104	69.58	-10.34	25.06	32891.65	35821.42	20492.46	4629	0.021	0.0164	550.45	495.98	272.28	568.6				123.7261	88.7	86.8	91.8	96.3	83.7	86.2	90.8	92.1	82	52.2	84.3	82.8	76.9	87.4	97.6	80.8	1.5	3.1			
20	2019-04-01T10:33:10	0.3628	0.4007	0.2049	0.5092	69.52	-12.02	23.76	30586.23	33783.32	19943.39	0.3689	0.4017	0.4017	0.2083	0.5104	69.59	-10.33	25.13	33367.37	36335.38	20753.32	4625	0.021	0.0164	550.45	503.27	272.19	568.6				125.4923	88.7	86.8	91.8	96.3	83.7	86.2	90.8	92.1	82	52.1	84.3	82.8	76.9	87.4	97.6	80.7	1.5	3.1			
21	2019-04-01T10:33:40	0.363	0.4009	0.2049	0.5093	69.54	-12.01	23.87	31499.62	34789.37	20482.14	0.3691	0.4019	0.4019	0.2084	0.5106	69.61	-10.31	25.25	34363.02	37413.55	21311.62	4620	0.021	0.0164	550.45	519.17	271.92	568.7				129.1574	88.7	86.8	91.8	96.3	83.7	86.2	90.8	92.1	82	52.1	84.2	82.7	76.8	87.4	97.6	80.7	1.5	3.1			
22	2019-04-01T10:34:10	0.3635	0.4013	0.2051	0.5095	69.56	-11.95	24.06	32459.82	35831.13	21004.26	0.3697	0.4022	0.4022	0.2086	0.5108	69.63	-10.25	25.43	35407.3	38528.28	21850.22	4608	0.021	0.0164	552.21	534.11	272.16	568.8				133.0642	88.7	86.8	91.8	96.3	83.7	86.2	90.8	92.1	82.1	52.3	84.2	82.8	76.8	87.4	97.6	80.8	1.5	3.1			
23	2019-04-01T10:34:40	0.3636	0.4012	0.2052	0.5095	69.56	-11.89	24.07	32672.24	36048.85	21127.04	0.3698	0.4022	0.4022	0.2087	0.5108	69.63	-10.2	25.44	35637.18	38761.6	21978.28	4604	0.021	0.0163	550.45	536.97	272.04	568.8				133.9221	88.8	86.8	91.8	96.4	83.7	86.3	90.8	92.2	82.1	52.4	84.3	82.8	76.9	87.4	97.6	80.8	1.5	3.1			
24	2019-04-01T10:35:10	0.3635	0.4011	0.2052	0.5094	69.55	-11.91	24.01	32665.86	36046.66	21155.46	0.3696	0.4021	0.4021	0.2087	0.5107	69.62	-10.21	25.38	35630.95	38761.1	22009.21	4608	0.021	0.0163	550.45	537.1	272.1	568.8				133.9384	88.8	86.8	91.8	96.4	83.8	86.3	90.8	92.2	82.2	52.5	84.3	82.8	76.9	87.5	97.7	80.9	1.5	3.1			
25	2019-04-01T10:35:41	0.3632	0.401	0.205	0.5093	69.54	-11.97	23.91	32427.44	35803.13	21059.53	0.3693	0.402	0.402	0.2085	0.5106	69.61	-10.28	25.29	35373.4	38502.19	21910.54	4616	0.021	0.0164	552.21	533.36	272.11	568.7				132.9494	88.7	86.8	91.8	96.4	83.7	86.2	90.8	92.2	82.1	52.3	84.3	82.8	76.8	87.4	97.6	80.8	1.5	3.1			
26	2019-04-01T10:36:11	0.3628	0.4007	0.2048	0.5092	69.52	-12.04	23.77	31611.77	34922.87	20609.74	0.3689	0.4017	0.4017	0.2083	0.5105	69.59	-10.35	25.15	34486.96	37560.44	21446.44	4627	0.021	0.0164	550.45	520.39	272.25	568.6				129.6092	88.7	86.7	91.8	96.3	83.7	86.2	90.8	92.1	82	52	84.2	82.8	76.8	87.4	97.6	80.7	1.5	3.1			
27	2019-04-01T10:36:41	0.3621	0.4004	0.2046	0.509	69.5	-12.15	23.58	30689.78	33935.66	20118.79	0.3683	0.4015	0.4015	0.208	0.5103	69.57	-10.47	24.95	33485.43	36505.3	20938.74	4641	0.021	0.0165	550.45	506.01	271.93	568.4				125.8396	88.6	86.7	91.8	96.3	83.6	86.1	90.7	92.1	81.9	51.7	84.2	82.7	76.8	87.3	97.6	80.6	1.5	3.1			
28	2019-04-01T10:37:11	0.3617	0.4002	0.2044	0.5088	69.48	-12.23	23.42	29939.48	33130.69	19713.14	0.3678	0.4012	0.4012	0.2078	0.5101	69.56	-10.55	24.8	32670.69	35644.01	20519.88	4654	0.021	0.0166	550.45	494.18	271.78	568.3				122.7663	88.6	86.6	91.7	96.3	83.5	86.1	90.7	92.1	81.8	51.3	84.1	82.6	76.7	87.2	97.6	80.5	1.5	3.1			
29	2019-04-01T10:37:41	0.3614	0.4001	0.2042	0.5087	69.48	-12.29	23.34	29671.86	32850.85	19585.65	0.3675	0.4011	0.4011	0.2077	0.51	69.55	-10.61	24.72	32381.01	35345.77	20388.29	4662	0.021	0.0166	550.45	490.6	271.31	568.2				121.6228	88.6	86.5	91.7	96.3	83.5	86	90.7	92.1	81.7	51.1	84.1	82.5	76.7	87.2	97.6	80.4	1.5	3.1			
30	2019-04-01T10:38:11	0.3611	0.3999	0.2041	0.5086	69.46	-12.32	23.25	29352.63	32505.17	19419.42	0.3672	0.401	0.401	0.2076	0.5099	69.54	-10.65	24.63	32033.84	34976.85	20217.28	4668	0.021	0.0166	550.45	485.31	271.73	568.2				120.35	88.5	86.5	91.7	96.3	83.4	86	90.7	92	81.7	51.1	84.1	82.5	76.7	87.2	97.6	80.4	1.5	3.1			
31	2019-04-01T10:38:41	0.3611	0.3999	0.2041	0.5086	69.46	-12.33	23.22	28919.81	32028.35	19147.89	0.3672	0.4009	0.4009	0.2075	0.5099	69.54	-10.65	24.6	31562.21	34464.48	19936.23	4669	0.021	0.0166	550.45	478.53	271.63	568.1				118.6259	88.5	86.5	91.7	96.3	83.4	86	90.7	92	81.7	51	84.1	82.5	76.7	87.2	97.5	80.4	1.5	3.1			
32	2019-04-01T10:39:11	0.3609	0.3997	0.204	0.5085	69.45	-12.33	23.12	28479.53	31541.66	18900.39	0.3669	0.4007	0.4007	0.2075	0.5098	69.52	-10.66	24.49	31082.5	33942.78	19681.21	4675	0.021	0.0166	550.45	470.65	271.86	568.1				116.8556	88.6	86.5	91.7	96.3	83.5	86	90.7	92.1	81.7	51.1	84.1	82.5	76.7	87.2	97.6	80.4	1.5	3.1			
33	2019-04-01T10:39:41	0.3608	0.3997	0.204	0.5085	69.45	-12.34	23.12	28874.51	31983.61	19163.99	0.3669	0.4008	0.4008	0.2074	0.5098	69.52	-10.68	24.5	31513.51	34419.18	19954.19	4675	0.021	0.0166	550.45	477.45	271.91	568.1				118.4514	88.5	86.5	91.7	96.3	83.4	86	90.7	92	81.7	51.1	84.1	82.5	76.7	87.2	97.5	80.4	1.5	3.1			
34	2019-04-01T10:40:11	0.3607	0.3996	0.2039	0.5084	69.44	-12.38	23.07	29049.15	32188.35	19308.89	0.3667	0.4007	0.4007	0.2074	0.5097	69.52	-10.72	24.46	31705.59	34640.84	20104.5	4680	0.021	0.0166	550.45	480.68	271.33	568				119.095	88.5	86.4	91.7	96.2	83.4	86	90.7	92	81.6	50.8	84.1	82.4	76.7	87.1	97.5	80.3	1.5	3.1			
35	2019-04-01T10:40:41	0.3606	0.3996	0.2039	0.5084	69.44	-12.39	23.08	29098.97	32245.08	19340.88	0.3667	0.4007	0.4007	0.2073	0.5097	69.52	-10.72	24.46	31760.46	34701.74	20138.64	4680	0.021	0.0167	550.45	481.63	271.7	568				119.326	88.5	86.4	91.7	96.2	83.4	86	90.7	92	81.6	50.8	84.1	82.4	76.7	87.1	97.5	80.3	1.5	3.1			
36	2019-04-01T10:41:11	0.3606	0.3996	0.2039	0.5084	69.44	-12.39	23.06	29423.53	32604.01	19564.45	0.3667	0.4007	0.4007	0.2073	0.5097	69.52	-10.72	24.44	32114.74	35088.53	20372.46	4680	0.021	0.0166	550.45	487.29	271.67	568				120.6702	88.5	86.4	91.7	96.2	83.4	86	90.7	92	81.6	50.8	84.1	82.4	76.7	87.1	97.5	80.3	1.5	3.1			
37	2019-04-01T10:41:41	0.3607	0.3996	0.2039	0.5084	69.44	-12.37	23.07	29187.49	32339.02	19399.63	0.3668	0.4007	0.4007	0.2074	0.5097	69.52	-10.71	24.45	31856.67	34803.26	20200.65	4680	0.021	0.0166	550.45	482.62	271.83	568				119.6935	88.5	86.5	91.7	96.2	83.4	86	90.7	92	81.6	50.9	84.1	82.5	76.7	87.2	97.5	80.3	1.5	3.1			
38	2019-04-01T10:42:11	0.3608	0.3996	0.204	0.5084	69.44	-12.35	23.1	29190.72	32337.04	19387.04	0.3668	0.4007	0.4007	0.2074	0.5097	69.52	-10.69	24.47	31859.86	34799.84	20187.97	4677	0.021	0.0166	550.45	482.74	271.69	568.1				119.6674	88.5	86.5	91.7	96.3	83.4	86	90.7	92	81.6	50.9	84.1	82.5	76.7	87.1	97.5	80.3	1.5	3.1			
39	2019-04-01T10:42:41	0.3606	0.3996	0.2039	0.5084	69.44	-12.39	23.07	29326.44	32498.08	19496.26	0.3667	0.4007	0.4007	0.2073	0.5097	69.52	-10.73	24.45	32008.56	34974.21	20299.41	4680	0.021	0.0167	550.45	485.25	271.59	568				120.2545	88.5	86.4	91.7	96.2	83.4	86	90.7	92	81.6	50.8	84.1	82.4	76.7	87.1	97.5	80.3	1.5	3.1			
40	2019-04-01T10:43:11	0.3605	0.3995	0.2039	0.5084	69.43	-12.39	23.02	29457.81	32644.18	19607.52	0.3666	0.4006	0.4006	0.2073	0.5097	69.51	-10.73	24.4	32152.79	35132.9	20417.99	4683	0.021	0.0166	550.45	487.57	271.44	568				120.7575	88.5	86.4	91.7	96.2	83.4	86	90.7	92	81.6	50.7	84.1	82.4	76.7	87.1	97.5	80.3	1.5	3.1			
41	2019-04-01T10:43:41	0.3604	0.3994	0.2038	0.5083	69.43	-12.42	22.98	29599.45	32807.59	19725.32	0.3665	0.4005	0.4005	0.2072	0.5096	69.51	-10.76	24.36	32308.1	35310.42	20541.52	4687	0.021	0.0167	550.45	489.65	271.61	568				121.407	88.5	86.4	91.7	96.2	83.4	86	90.7	92	81.6	50.8	84.1	82.4	76.7	87.1	97.5	80.3	1.5	3.1			
42	2019-04-01T10:44:11	0.3603	0.3994	0.2038	0.5083	69.43	-12.44	22.96	29962.83	33218.08	19978.88	0.3664	0.4005	0.4005	0.2072	0.5096	69.51	-10.78	24.35	32705.58	35752.61	20804.48	4689	0.021	0.0167	550.45	496.06	271.24	567.9				122.8462	88.5	86.4	91.7	96.2	83.3	85.9	90.7	92	81.5	50.6	84.1	82.4	76.7	87.1	97.5	80.2	1.5	3.1			
43	2019-04-01T10:44:41	0.3602	0.3994	0.2037	0.5083	69.43	-12.47	22.94	30066.75	33340.55	20064.66	0.3663	0.4005	0.4005	0.2071	0.5096	69.51	-10.81	24.32	32819.91	35885.41	20894.52	4691	0.021	0.0167	550.45	498.26	271.23	567.9				123.2845	88.5	86.4	91.6	96.2	83.3	85.9	90.6	92	81.5	50.5	84.1	82.4	76.7	87.1	97.5	80.2	1.5	3.1			
44	2019-04-01T10:45:11	0.3603	0.3995	0.2037	0.5083	69.43	-12.48	22.97	30604.13	33938.8	20409.36	0.3664	0.4006	0.4006	0.2071	0.5096	69.51	-10.82	24.35	33406.65	36528.74	21252.08	4691	0.021	0.0167	550.45	506.78	271.41	567.9				125.4683	88.4	86.4	91.6	96.2	83.3	85.9	90.6	92	81.5	50.4	84	82.4	76.6	87	97.5	80.2	1.5	3.1			
45	2019-04-01T10:45:41	0.36	0.3994	0.2036	0.5082	69.42	-12.51	22.89	30572.19	33911.46	20432.11	0.3661	0.4004	0.4004	0.2071	0.5095	69.5	-10.84	24.27	33373.35	36501.68	21277.52	4696	0.021	0.0167	550.45	506.38	271.39	567.9				125.3435	88.4	86.3	91.6	96.2	83.2	85.9	90.6	92	81.4	50.2	84	82.3	76.6	87	97.5	80.1	1.5	3.1			
46	2019-04-01T10:46:11	0.3599	0.3994	0.2035	0.5082	69.43	-12.56	22.87	30571.7	33926.12	20449.98	0.366	0.4005	0.4005	0.207	0.5095	69.5	-10.89	24.25	33374.69	36517.89	21296.38	4700	0.021	0.0168	550.45	507.13	271.03	567.8				125.3173	88.4	86.3	91.6	96.2	83.2	85.8	90.6	91.9	81.3	50	83.9	82.3	76.5	87	97.5	80	1.5	3.1			
47	2019-04-01T10:46:41	0.3599	0.3995	0.2035	0.5082	69.43	-12.57	22.9	30434.03	33776.71	20344	0.366	0.4006	0.4006	0.207	0.5096	69.51	-10.9	24.29	33224.43	36356.3	21184.4	4700	0.021	0.0168	550.45	504.74	271.2	567.8				124.6902	88.4	86.2	91.6	96.2	83.2	85.8	90.6	91.9	81.3	50	83.9	82.2	76.5	86.9	97.5	80	1.5	3.1			
48	2019-04-01T10:47:11	0.3598	0.3994	0.2035	0.5082	69.42	-12.59	22.84	30198.19	33519.39	20217.27	0.3659	0.4004	0.4004	0.2069	0.5095	69.5	-10.92	24.23	32968.1	36080.66	21055.14	4704	0.021	0.0168	550.45	500.94	271.45	567.8				123.7994	88.4	86.2	91.6	96.2	83.2	85.8	90.5	92	81.3	50	83.9	82.2	76.5	86.9	97.5	80	1.5	3.1			
49	2019-04-01T10:47:41	0.3597	0.3993	0.2035	0.5081	69.42	-12.57	22.81	30075.79	33379.83	20147.17	0.3658	0.4004	0.4004	0.2069	0.5095	69.5	-10.91	24.2	32834.22	35931.96	20982.48	4704	0.021	0.0168	550.45	498.71	271.44	567.8				123.2826	88.4	86.2	91.6	96.2	83.2	85.8	90.6	91.9	81.3	50	84	82.2	76.5	87	97.5	80	1.5	3.1			
50	2019-04-01T10:48:12	0.3596	0.3992	0.2034	0.5081	69.41	-12.6	22.78	30125.2	33442.76	20202.17	0.3657	0.4003	0.4003	0.2068	0.5094	69.49	-10.94	24.16	32889.15	36000.84	21040.1	4707	0.021	0.0168	550.45	499.96	271.4	567.7				123.5093	88.3	86.2	91.6	96.2	83.1	85.8	90.6	91.9	81.3	49.8	83.9	82.2	76.5	86.9	97.5	80	1.5	3.1			
51	2019-04-01T10:48:41	0.3596	0.3992	0.2034	0.5081	69.41	-12.59	22.75	30158.96	33477.45	20233.98	0.3657	0.4003	0.4003	0.2068	0.5094	69.49	-10.93	24.14	32926.01	36038.46	21073.94	4708	0.021	0.0168	550.45	500.09	271.31	567.7				123.6441	88.3	86.2	91.6	96.2	83.2	85.8	90.6	91.9	81.3	49.9	83.9	82.2	76.5	86.9	97.5	80	1.5	3.1			
52	2019-04-01T10:49:12	0.3596	0.3991	0.2034	0.5081	69.41	-12.59	22.75	30306.9	33642.14	20335.87	0.3657	0.4003	0.4003	0.2068	0.5094	69.49	-10.93	24.14	33087.18	36216.1	21178.97	4708	0.021	0.0168	550.45	502.77	271.19	567.7				124.2714	88.3	86.2	91.6	96.2	83.2	85.8	90.6	91.9	81.3	49.9	84	82.2	76.5	86.9	97.5	80	1.5	3.1			
53	2019-04-01T10:49:42	0.3594	0.3991	0.2034	0.508	69.4	-12.61	22.7	30368.01	33716.27	20402.05	0.3655	0.4002	0.4002	0.2068	0.5093	69.48	-10.96	24.09	33154.55	36297.59	21248.5	4712	0.021	0.0168	550.45	504.04	271.14	567.7				124.5744	88.3	86.2	91.6	96.2	83.2	85.8	90.6	91.9	81.3	49.9	83.9	82.2	76.5	86.9	97.5	80	1.5	3.1			
54	2019-04-01T10:50:12	0.3594	0.399	0.2034	0.508	69.4	-12.61	22.67	30164.46	33489.75	20279	0.3655	0.4001	0.4001	0.2068	0.5093	69.48	-10.95	24.06	32933.08	36053.84	21122.18	4713	0.021	0.0168	550.45	500.53	271.36	567.7				123.7016	88.3	86.2	91.6	96.2	83.1	85.8	90.6	91.9	81.3	49.8	83.9	82.2	76.5	86.9	97.5	80	1.5	3.1			
55	2019-04-01T10:50:42	0.3593	0.399	0.2033	0.508	69.4	-12.64	22.66	30094.39	33420.18	20243.75	0.3654	0.4001	0.4001	0.2067	0.5093	69.48	-10.99	24.05	32857.07	35980.49	21084.51	4716	0.022	0.0168	550.45	499.22	271.52	567.6				123.4057	88.3	86.2	91.6	96.2	83.1	85.8	90.6	91.9	81.3	49.8	83.9	82.2	76.5	86.9	97.5	80	1.5	3.1			
56	2019-04-01T10:51:12	0.359	0.3988	0.2032	0.5078	69.38	-12.65	22.54	29934.06	33246.08	20193.26	0.3651	0.3999	0.3999	0.2066	0.5092	69.46	-11	23.93	32683.36	35796.44	21035.24	4722	0.021	0.0168	550.45	497.03	271.28	567.6				122.81	88.3	86.2	91.6	96.2	83.1	85.8	90.6	91.9	81.3	49.8	84	82.2	76.6	86.9	97.5	80	1.5	3.1			
57	2019-04-01T10:51:42	0.359	0.3987	0.2032	0.5078	69.38	-12.65	22.52	29977.95	33295.3	20230.77	0.3651	0.3999	0.3999	0.2066	0.5092	69.46	-11.01	23.92	32731.29	35849.98	21073.7	4723	0.021	0.0168	550.45	497.36	271.35	567.6				122.9903	88.3	86.2	91.6	96.2	83.1	85.8	90.6	91.9	81.2	49.7	84	82.2	76.5	86.9	97.4	79.9	1.5	3.1			
58	2019-04-01T10:52:12	0.3589	0.3987	0.2032	0.5078	69.37	-12.67	22.48	29645.87	32931.56	20029.12	0.365	0.3998	0.3998	0.2065	0.5091	69.46	-11.03	23.87	32369.54	35459.88	20865.21	4726	0.021	0.0168	550.45	492	271.23	567.5				121.6781	88.3	86.2	91.6	96.1	83.1	85.8	90.6	91.9	81.2	49.7	84	82.2	76.6	86.9	97.4	79.9	1.5	3.1			
59	2019-04-01T10:52:42	0.359	0.3988	0.2032	0.5078	69.38	-12.67	22.54	29956.28	33274.71	20212.6	0.3651	0.3999	0.3999	0.2066	0.5092	69.46	-11.02	23.93	32708.1	35827.29	21055.47	4723	0.021	0.0168	550.45	497.23	271.41	567.6				122.8761	88.3	86.2	91.6	96.2	83.1	85.8	90.6	91.9	81.2	49.7	83.9	82.2	76.5	86.9	97.5	79.9	1.5	3.1			
60	2019-04-01T10:53:12	0.359	0.3988	0.2032	0.5079	69.39	-12.69	22.56	30213.59	33567.02	20379.51	0.3651	0.4	0.4	0.2066	0.5092	69.47	-11.03	23.95	32990.06	36140.83	21230.2	4723	0.022	0.0169	550.45	501.89	271.29	567.6				123.936	88.3	86.1	91.5	96.2	83.1	85.7	90.5	91.9	81.2	49.5	83.9	82.1	76.5	86.9	97.5	79.9	1.5	3.1			
61	2019-04-01T10:53:42	0.359	0.3988	0.2032	0.5078	69.38	-12.69	22.54	30418.25	33794.22	20527.21	0.3651	0.3999	0.3999	0.2066	0.5092	69.46	-11.03	23.93	33213.64	36386.25	21383.52	4724	0.022	0.0169	550.45	505.31	271.13	567.5				124.7757	88.3	86.1	91.6	96.2	83.1	85.7	90.6	91.9	81.2	49.5	83.9	82.1	76.5	86.9	97.4	79.9	1.5	3.1			
62	2019-04-01T10:54:12	0.3589	0.3988	0.2031	0.5078	69.39	-12.71	22.54	30278.47	33645.28	20438.78	0.365	0.3999	0.3999	0.2065	0.5092	69.47	-11.06	23.93	33061.5	36226.34	21290.54	4726	0.022	0.0169	550.45	502.69	271.17	567.5				124.2028	88.3	86.1	91.5	96.2	83	85.7	90.5	91.9	81.1	49.4	83.9	82.1	76.4	86.8	97.4	79.8	1.5	3.1			
63	2019-04-01T10:54:42	0.3588	0.3987	0.2031	0.5078	69.38	-12.72	22.49	30301.46	33673.86	20477.11	0.3649	0.3999	0.3999	0.2065	0.5091	69.46	-11.07	23.88	33087.3	36258.43	21331.57	4728	0.022	0.0169	550.45	503.79	271.22	567.5				124.2641	88.3	86.1	91.5	96.1	83	85.7	90.5	91.9	81.1	49.3	83.9	82.1	76.5	86.8	97.4	79.8	1.5	3.1			
64	2019-04-01T10:55:12	0.3587	0.3987	0.203	0.5078	69.38	-12.75	22.47	30102.93	33460.92	20358.44	0.3648	0.3998	0.3998	0.2064	0.5091	69.46	-11.09	23.86	32871.56	36029.68	21208.63	4731	0.022	0.0169	550.45	500.35	271.09	567.5				123.5016	88.2	86.1	91.5	96.2	83	85.7	90.5	91.9	81.1	49.2	83.8	82.1	76.4	86.8	97.4	79.8	1.5	3.1			
65	2019-04-01T10:55:42	0.3586	0.3986	0.203	0.5077	69.37	-12.76	22.41	30012.46	33363.25	20326.22	0.3647	0.3997	0.3997	0.2064	0.509	69.45	-11.11	23.8	32773.51	35926.29	21175.96	4734	0.022	0.0169	550.45	498.59	271.21	567.4				123.1388	88.2	86	91.5	96.1	83	85.6	90.5	91.9	81.1	49.2	83.9	82	76.4	86.8	97.4	79.8	1.5	3.1			
66	2019-04-01T10:56:12	0.3586	0.3987	0.203	0.5077	69.37	-12.78	22.43	30104.14	33471.45	20382.35	0.3647	0.3998	0.3998	0.2064	0.5091	69.46	-11.12	23.82	32874.4	36042.27	21234.29	4735	0.022	0.0169	550.45	500.7	271.09	567.4				123.4887	88.2	86	91.5	96.1	83	85.6	90.5	91.8	81	49	83.8	82	76.4	86.8	97.4	79.7	1.5	3.1			
67	2019-04-01T10:56:42	0.3585	0.3987	0.2029	0.5077	69.38	-12.81	22.42	30156.3	33537.69	20428.37	0.3646	0.3998	0.3998	0.2063	0.5091	69.46	-11.15	23.81	32932	36114.3	21280.88	4737	0.022	0.017	550.45	501.21	270.97	567.4				123.6649	88.2	86	91.5	96.1	82.9	85.6	90.5	91.8	81	48.9	83.8	82	76.3	86.7	97.4	79.7	1.5	3.1			
68	2019-04-01T10:57:12	0.3586	0.3988	0.2029	0.5078	69.39	-12.81	22.48	30611.66	34045.08	20707.9	0.3647	0.4	0.4	0.2063	0.5091	69.47	-11.15	23.88	33429.02	36658.89	21570.44	4734	0.022	0.017	550.45	509.35	271.06	567.4				125.5361	88.2	86	91.5	96.1	82.9	85.6	90.5	91.8	80.9	48.8	83.7	81.9	76.3	86.7	97.4	79.6	1.5	3.1			
69	2019-04-01T10:57:42	0.3585	0.3987	0.2029	0.5077	69.38	-12.79	22.43	30865.61	34322.05	20902.1	0.3646	0.3998	0.3998	0.2063	0.5091	69.46	-11.14	23.82	33706.03	36958.77	21774.75	4735	0.022	0.017	550.45	513.39	270.97	567.4				126.5578	88.2	86	91.5	96.1	82.9	85.6	90.5	91.8	81	49	83.8	82	76.4	86.8	97.4	79.7	1.5	3.1			
70	2019-04-01T10:58:12	0.3585	0.3987	0.2029	0.5077	69.38	-12.8	22.43	31289.3	34794.39	21189.94	0.3646	0.3998	0.3998	0.2063	0.5091	69.46	-11.14	23.82	34169.05	37467.38	22074.35	4737	0.022	0.017	550.45	520.01	271.05	567.4				128.2851	88.2	86	91.5	96.1	82.9	85.6	90.5	91.8	81	48.9	83.8	82	76.4	86.8	97.4	79.7	1.5	3.1			
71	2019-04-01T10:58:42	0.3585	0.3988	0.2029	0.5078	69.38	-12.83	22.46	31620.49	35171.06	21405.31	0.3646	0.3999	0.3999	0.2063	0.5091	69.46	-11.16	23.85	34531.68	37871.82	22298.42	4737	0.022	0.017	550.45	526.2	270.91	567.4				129.6388	88.1	85.9	91.5	96.1	82.9	85.6	90.4	91.8	80.9	48.8	83.7	81.9	76.3	86.7	97.4	79.6	1.5	3.1			
72	2019-04-01T10:59:12	0.3586	0.3989	0.2029	0.5078	69.39	-12.84	22.5	31796.61	35371.73	21509.07	0.3647	0.4	0.4	0.2063	0.5092	69.47	-11.18	23.89	34723.96	38087.7	22404.26	4735	0.022	0.017	550.45	528.77	271.29	567.4				130.3433	88.1	85.9	91.5	96.1	82.9	85.5	90.4	91.8	80.9	48.7	83.7	81.9	76.3	86.7	97.4	79.6	1.5	3.1			
73	2019-04-01T10:59:42	0.3584	0.3987	0.2028	0.5077	69.38	-12.86	22.42	31826.02	35408.94	21567.58	0.3645	0.3999	0.3999	0.2062	0.5091	69.46	-11.2	23.82	34756.97	38129.71	22466.3	4740	0.022	0.017	550.45	529.53	270.64	567.3				130.4668	88.1	85.9	91.5	96.1	82.8	85.5	90.4	91.8	80.9	48.6	83.7	81.9	76.3	86.7	97.4	79.6	1.5	3.1			
74	2019-04-01T11:00:12	0.3583	0.3987	0.2028	0.5077	69.38	-12.88	22.4	31779.26	35365.11	21550.86	0.3644	0.3999	0.3999	0.2062	0.5091	69.46	-11.23	23.8	34706.86	38083.52	22449.02	4743	0.022	0.0171	550.45	528.97	270.63	567.3				130.2737	88.1	85.9	91.4	96.1	82.8	85.5	90.4	91.8	80.8	48.5	83.7	81.9	76.2	86.6	97.4	79.5	1.5	3.1			
75	2019-04-01T11:00:42	0.3582	0.3987	0.2027	0.5077	69.37	-12.9	22.37	31657.61	35234.48	21490.48	0.3643	0.3998	0.3998	0.2061	0.509	69.46	-11.24	23.76	34575	37943.75	22386.95	4745	0.022	0.0171	550.45	527.12	270.35	567.3				129.7555	88.1	85.8	91.4	96.1	82.8	85.5	90.4	91.8	80.8	48.4	83.7	81.8	76.2	86.6	97.4	79.5	1.5	3.1			
76	2019-04-01T11:01:12	0.358	0.3985	0.2026	0.5076	69.36	-12.93	22.29	31358.11	34909.34	21329.42	0.3641	0.3997	0.3997	0.2061	0.5089	69.45	-11.27	23.69	34249.58	37595.72	22221.5	4751	0.022	0.0171	550.45	522.62	270.72	567.2				128.5453	88.1	85.8	91.4	96.1	82.8	85.4	90.4	91.8	80.8	48.3	83.6	81.8	76.2	86.6	97.4	79.4	1.5	3.1			
77	2019-04-01T11:01:42	0.3579	0.3985	0.2026	0.5076	69.36	-12.96	22.26	31293.61	34847.48	21305.25	0.364	0.3997	0.3997	0.206	0.5089	69.44	-11.3	23.66	34180.25	37530.46	22197.45	4754	0.022	0.0171	550.45	521.67	270.71	567.2				128.2922	88	85.8	91.4	96.1	82.8	85.4	90.4	91.8	80.8	48.2	83.6	81.8	76.2	86.6	97.4	79.4	1.5	3.1			
78	2019-04-01T11:02:12	0.3578	0.3985	0.2026	0.5075	69.36	-12.96	22.24	31074.34	34605.09	21166.53	0.3639	0.3996	0.3996	0.206	0.5089	69.44	-11.31	23.64	33941.51	37269.57	22053.95	4755	0.022	0.0171	550.45	518.14	270.45	567.2				127.3754	88	85.8	91.4	96.1	82.7	85.4	90.4	91.8	80.7	48.1	83.6	81.7	76.2	86.5	97.4	79.4	1.5	3.1			
79	2019-04-01T11:02:43	0.3577	0.3985	0.2025	0.5075	69.36	-13	22.22	31067.98	34609.17	21181.38	0.3638	0.3996	0.3996	0.2059	0.5089	69.44	-11.34	23.62	33935.69	37275.03	22068.48	4759	0.022	0.0172	550.45	518.2	270.44	567.1				127.3205	88	85.7	91.4	96.1	82.7	85.4	90.4	91.7	80.7	48	83.6	81.7	76.1	86.5	97.4	79.3	1.5	3.1			
80	2019-04-01T11:03:13	0.3576	0.3985	0.2024	0.5075	69.36	-13.03	22.22	30941.35	34475.9	21098.01	0.3638	0.3997	0.3997	0.2059	0.5089	69.44	-11.37	23.62	33798.32	37131.99	21980.77	4760	0.022	0.0172	550.45	515.5	270.49	567.1				126.7658	88	85.7	91.4	96	82.6	85.3	90.3	91.7	80.6	47.8	83.5	81.7	76.1	86.5	97.3	79.3	1.5	3.1			
81	2019-04-01T11:03:43	0.3576	0.3984	0.2025	0.5075	69.35	-13	22.18	30730.81	34233.25	20969.43	0.3637	0.3995	0.3995	0.2059	0.5088	69.44	-11.35	23.58	33567.63	36871.8	21848.9	4761	0.022	0.0171	550.45	512.04	270.56	567.1				125.9574	88	85.7	91.4	96.1	82.7	85.4	90.4	91.7	80.7	48	83.6	81.7	76.2	86.5	97.3	79.3	1.5	3.1			
82	2019-04-01T11:04:13	0.3577	0.3984	0.2025	0.5075	69.35	-12.98	22.2	30221.68	33660.89	20609.97	0.3638	0.3995	0.3995	0.2059	0.5088	69.44	-11.33	23.6	33010.57	36254.31	21473.3	4759	0.022	0.0171	550.45	503.65	270.41	567.1				123.8297	88	85.8	91.4	96.1	82.7	85.4	90.4	91.8	80.7	48.2	83.6	81.8	76.2	86.5	97.4	79.4	1.5	3.1			
83	2019-04-01T11:04:43	0.3576	0.3984	0.2025	0.5075	69.35	-13.01	22.18	30351.99	33813.35	20713.01	0.3637	0.3995	0.3995	0.2059	0.5088	69.44	-11.35	23.58	33153.84	36419.05	21580.63	4761	0.022	0.0172	550.45	506.43	270.45	567.1				124.4111	88	85.7	91.4	96.1	82.7	85.4	90.4	91.7	80.7	48	83.6	81.7	76.1	86.5	97.3	79.3	1.5	3.1			
84	2019-04-01T11:05:13	0.3575	0.3982	0.2024	0.5074	69.34	-12.99	22.1	30352.81	33809.77	20746.46	0.3636	0.3994	0.3994	0.2058	0.5087	69.42	-11.34	23.5	33154.71	36417.64	21618.09	4764	0.022	0.0171	550.45	505.72	270.48	567.1				124.4006	88	85.8	91.4	96.1	82.7	85.4	90.4	91.8	80.7	48.2	83.6	81.8	76.2	86.6	97.4	79.4	1.5	3.1			
85	2019-04-01T11:05:43	0.3577	0.3983	0.2025	0.5075	69.35	-12.97	22.18	30664.37	34151.51	20918.57	0.3638	0.3995	0.3995	0.2059	0.5088	69.43	-11.32	23.58	33493.9	36783.77	21794.83	4759	0.022	0.0171	550.45	510.99	270.45	567.1				125.6352	88	85.8	91.4	96.1	82.7	85.4	90.4	91.7	80.7	48.1	83.7	81.8	76.2	86.6	97.3	79.4	1.5	3.1			
86	2019-04-01T11:06:13	0.3577	0.3984	0.2025	0.5075	69.36	-12.99	22.22	30852.37	34364.24	21029.11	0.3638	0.3996	0.3996	0.2059	0.5089	69.44	-11.33	23.62	33699.9	37011.17	21910.37	4758	0.022	0.0171	550.45	514.14	270.34	567.1				126.3834	88	85.7	91.4	96.1	82.7	85.4	90.4	91.8	80.7	48	83.6	81.7	76.2	86.5	97.4	79.3	1.5	3.1			
87	2019-04-01T11:06:43	0.3578	0.3985	0.2026	0.5075	69.36	-12.96	22.25	30646.34	34126.18	20872.69	0.3639	0.3996	0.3996	0.206	0.5089	69.44	-11.3	23.64	33473.31	36753.77	21745.59	4755	0.022	0.0171	550.45	510.23	270.34	567.2				125.5228	88	85.8	91.4	96.1	82.7	85.4	90.4	91.8	80.7	48.2	83.6	81.8	76.2	86.6	97.4	79.4	1.5	3.1			
88	2019-04-01T11:07:13	0.3576	0.3983	0.2025	0.5074	69.35	-12.98	22.17	30694.01	34186.34	20945.36	0.3637	0.3995	0.3995	0.2059	0.5088	69.43	-11.33	23.57	33526.59	36821.85	21823.59	4760	0.022	0.0171	550.45	510.74	270.49	567.1				125.7624	88	85.8	91.4	96.1	82.7	85.4	90.4	91.7	80.7	48.2	83.7	81.8	76.2	86.6	97.3	79.4	1.5	3.1			
89	2019-04-01T11:07:43	0.3575	0.3983	0.2024	0.5074	69.35	-13	22.15	30686.42	34183.56	20955.88	0.3637	0.3994	0.3994	0.2059	0.5088	69.43	-11.35	23.54	33519.26	36818.87	21835.88	4762	0.022	0.0171	550.45	511.52	270.37	567.1				125.7069	88	85.7	91.4	96.1	82.7	85.4	90.4	91.8	80.7	48.1	83.6	81.7	76.2	86.5	97.4	79.4	1.5	3.1			
90	2019-04-01T11:08:13	0.3575	0.3983	0.2024	0.5074	69.35	-13.01	22.14	30387.42	33853.53	20755.25	0.3636	0.3995	0.3995	0.2058	0.5088	69.43	-11.36	23.54	33192.64	36464.15	21625.04	4764	0.022	0.0172	550.45	506.58	270.4	567.1				124.4894	88	85.7	91.4	96.1	82.7	85.4	90.4	91.7	80.7	48.1	83.6	81.7	76.2	86.5	97.3	79.3	1.5	3.1			
91	2019-04-01T11:08:43	0.3574	0.3982	0.2024	0.5074	69.34	-13.01	22.09	30283.94	33738.42	20707.65	0.3635	0.3994	0.3994	0.2058	0.5087	69.42	-11.36	23.5	33079.94	36342.04	21576.12	4766	0.022	0.0171	550.45	504.48	270.45	567				124.0432	88	85.7	91.4	96	82.7	85.4	90.4	91.7	80.7	48.1	83.7	81.7	76.2	86.5	97.3	79.3	1.5	3.1			
92	2019-04-01T11:09:13	0.3574	0.3983	0.2024	0.5074	69.35	-13.02	22.12	30157.56	33600.88	20612	0.3636	0.3994	0.3994	0.2058	0.5087	69.43	-11.37	23.52	32942.31	36192.47	21476.97	4764	0.022	0.0172	550.45	503.12	270.26	567				123.5548	88	85.7	91.4	96	82.7	85.4	90.4	91.7	80.7	48	83.6	81.7	76.2	86.5	97.3	79.3	1.5	3.1			
93	2019-04-01T11:09:43	0.3575	0.3982	0.2024	0.5074	69.34	-12.99	22.13	29871.2	33274.06	20406.23	0.3636	0.3994	0.3994	0.2059	0.5088	69.43	-11.34	23.53	32628.63	35840.09	21262.33	4762	0.022	0.0171	550.45	497.79	270.21	567.1				122.3263	88	85.7	91.4	96	82.7	85.4	90.4	91.7	80.7	48.1	83.6	81.7	76.2	86.5	97.3	79.3	1.5	3.1			
94	2019-04-01T11:10:13	0.3574	0.3981	0.2024	0.5073	69.33	-12.99	22.06	30059.99	33485.17	20568.84	0.3635	0.3993	0.3993	0.2058	0.5087	69.42	-11.35	23.46	32835.34	36069.74	21433.69	4766	0.022	0.0171	550.45	500.93	270.48	567				123.14	88	85.7	91.4	96	82.7	85.4	90.4	91.7	80.7	48.1	83.7	81.7	76.3	86.5	97.3	79.4	1.5	3.1			
95	2019-04-01T11:10:43	0.3572	0.3981	0.2023	0.5073	69.34	-13.06	22.05	30197.25	33655.45	20679.96	0.3633	0.3993	0.3993	0.2057	0.5087	69.42	-11.41	23.45	32987.38	36253.51	21549.74	4770	0.022	0.0172	550.45	503.37	270.36	567				123.7066	88	85.7	91.4	96	82.6	85.3	90.4	91.7	80.6	47.9	83.6	81.7	76.2	86.5	97.3	79.3	1.5	3.1			
96	2019-04-01T11:11:13	0.3572	0.3981	0.2023	0.5073	69.33	-13.06	22.03	30351.34	33827.78	20791.81	0.3633	0.3993	0.3993	0.2057	0.5087	69.42	-11.41	23.43	33155.75	36439.81	21666.49	4771	0.022	0.0172	550.45	506.01	270.35	567				124.3169	88	85.7	91.4	96	82.6	85.4	90.4	91.7	80.6	47.9	83.6	81.7	76.2	86.5	97.3	79.3	1.5	3.1			
97	2019-04-01T11:11:43	0.3571	0.3981	0.2023	0.5073	69.34	-13.08	22.03	30286.08	33762.44	20751.92	0.3633	0.3993	0.3993	0.2057	0.5087	69.42	-11.43	23.43	33085.58	36369.22	21624.36	4773	0.022	0.0172	550.45	505.07	270.26	566.9				123.986	87.9	85.6	91.3	96	82.6	85.3	90.3	91.7	80.6	47.7	83.5	81.6	76.1	86.4	97.3	79.2	1.5	3.1			
98	2019-04-01T11:12:13	0.3571	0.3981	0.2023	0.5073	69.33	-13.07	22.01	30320.36	33797.47	20785.46	0.3632	0.3993	0.3993	0.2057	0.5086	69.42	-11.43	23.41	33122.37	36408.34	21659.72	4773	0.022	0.0172	550.45	505.57	270.1	566.9				124.1436	88	85.7	91.4	96	82.6	85.4	90.4	91.7	80.6	47.9	83.6	81.7	76.2	86.5	97.3	79.3	1.5	3.1			
99	2019-04-01T11:12:43	0.3571	0.398	0.2023	0.5073	69.33	-13.07	22	30181.51	33642.61	20696.96	0.3632	0.3992	0.3992	0.2056	0.5086	69.41	-11.43	23.4	32970.81	36242.4	21568.01	4775	0.022	0.0172	548.69	502.95	270.16	566.9				123.5451	88	85.7	91.4	96	82.6	85.4	90.4	91.7	80.6	47.9	83.6	81.7	76.2	86.5	97.3	79.3	1.5	3.1			
100	2019-04-01T11:13:13	0.357	0.398	0.2022	0.5072	69.32	-13.09	21.96	29830.02	33254.94	20476.05	0.3631	0.3992	0.3992	0.2056	0.5086	69.41	-11.44	23.36	32587.39	35825.6	21337.86	4777	0.022	0.0172	550.45	497.38	270.11	566.9				122.1259	88	85.7	91.4	96	82.6	85.3	90.4	91.7	80.6	47.9	83.6	81.7	76.2	86.5	97.3	79.2	1.5	3.1			
101	2019-04-01T11:13:43	0.3569	0.3979	0.2021	0.5072	69.32	-13.11	21.92	29774.85	33201.33	20459.85	0.363	0.3991	0.3991	0.2055	0.5085	69.41	-11.47	23.32	32528.15	35768.87	21321.89	4780	0.022	0.0172	550.45	497.07	269.84	566.9				121.8526	88	85.6	91.4	96	82.6	85.3	90.4	91.7	80.6	47.8	83.6	81.7	76.2	86.4	97.3	79.2	1.5	3.1			
102	2019-04-01T11:14:13	0.3569	0.3978	0.2022	0.5071	69.32	-13.09	21.9	29585.3	32983.23	20336.23	0.363	0.399	0.399	0.2056	0.5085	69.4	-11.45	23.3	32320.62	35534.89	21193.89	4780	0.022	0.0172	550.45	492.83	270.01	566.9				121.1243	88	85.7	91.4	96	82.6	85.4	90.4	91.7	80.6	47.9	83.6	81.7	76.2	86.5	97.3	79.2	1.5	3.1			
103	2019-04-01T11:14:43	0.3568	0.3978	0.2022	0.5071	69.31	-13.09	21.88	29709.53	33123.6	20431.8	0.3629	0.399	0.399	0.2055	0.5085	69.4	-11.46	23.28	32456.57	35686.55	21293.89	4782	0.022	0.0172	550.45	495.52	270	566.9				121.6227	88	85.7	91.4	96	82.6	85.4	90.4	91.7	80.7	48	83.6	81.7	76.3	86.5	97.3	79.3	1.5	3.1			
104	2019-04-01T11:15:13	0.3569	0.3978	0.2022	0.5071	69.32	-13.08	21.9	29699.48	33109.27	20411.85	0.363	0.399	0.399	0.2056	0.5085	69.4	-11.45	23.3	32445.43	35670.21	21273.36	4780	0.022	0.0172	550.45	495.19	269.89	566.9				121.5396	88	85.7	91.4	96	82.7	85.4	90.4	91.7	80.6	47.9	83.6	81.7	76.3	86.5	97.3	79.3	1.5	3.1			
105	2019-04-01T11:15:43	0.3569	0.3979	0.2022	0.5072	69.32	-13.1	21.93	29729.86	33148.26	20421.67	0.363	0.3991	0.3991	0.2056	0.5086	69.41	-11.46	23.33	32478.9	35711.13	21282.39	4779	0.022	0.0172	550.45	496.18	269.68	566.9				121.6497	88	85.6	91.4	96	82.6	85.3	90.4	91.7	80.6	47.8	83.6	81.7	76.2	86.5	97.3	79.2	1.5	3.1			
106	2019-04-01T11:16:13	0.3569	0.3979	0.2022	0.5072	69.32	-13.09	21.91	29830.95	33257.53	20498.11	0.363	0.3991	0.3991	0.2056	0.5085	69.4	-11.45	23.31	32589.14	35829.04	21362.72	4779	0.022	0.0172	550.45	497.45	269.86	566.9				122.0409	88	85.6	91.4	96	82.6	85.3	90.4	91.7	80.6	47.9	83.6	81.7	76.2	86.5	97.3	79.2	1.5	3.1			
107	2019-04-01T11:16:43	0.3567	0.3977	0.2021	0.5071	69.31	-13.12	21.83	29989.68	33443.33	20652.52	0.3627	0.3989	0.3989	0.2055	0.5084	69.39	-11.49	23.23	32763.74	36032.8	21524.66	4786	0.022	0.0172	550.45	499.93	269.89	566.8				122.7287	88	85.6	91.4	96	82.6	85.3	90.4	91.7	80.6	47.9	83.6	81.7	76.3	86.5	97.3	79.2	1.5	3.1			
108	2019-04-01T11:17:14	0.3565	0.3979	0.202	0.5071	69.32	-13.2	21.85	29997.24	33474.16	20662.98	0.3627	0.3991	0.3991	0.2054	0.5085	69.4	-11.56	23.25	32774.67	36065.46	21535	4790	0.022	0.0173	550.45	501.55	269.37	566.8				122.6615	87.9	85.5	91.3	96	82.5	85.2	90.3	91.7	80.5	47.5	83.5	81.6	76.1	86.4	97.3	79.1	1.5	3.1			
109	2019-04-01T11:17:44	0.3564	0.3977	0.202	0.507	69.3	-13.17	21.77	29886.57	33343.3	20618.9	0.3625	0.3989	0.3989	0.2054	0.5084	69.39	-11.54	23.18	32653.01	35927.17	21490.21	4792	0.022	0.0173	550.45	499.25	269.6	566.7				122.2831	87.9	85.6	91.4	96	82.6	85.3	90.4	91.7	80.6	47.7	83.6	81.6	76.2	86.4	97.3	79.1	1.5	3.1			
110	2019-04-01T11:18:14	0.3564	0.3976	0.202	0.507	69.3	-13.18	21.75	29681.66	33116.45	20489.14	0.3625	0.3988	0.3988	0.2053	0.5084	69.39	-11.55	23.15	32429.39	35683.52	21355.79	4792	0.022	0.0173	550.45	495.12	269.7	566.7				121.414	87.9	85.6	91.4	96	82.6	85.3	90.4	91.7	80.6	47.7	83.6	81.6	76.2	86.4	97.3	79.1	1.5	3.1			
111	2019-04-01T11:18:44	0.3564	0.3976	0.2019	0.507	69.3	-13.18	21.75	29387.64	32789.66	20285.76	0.3625	0.3988	0.3988	0.2053	0.5084	69.39	-11.55	23.16	32108.42	35331.44	21144.19	4792	0.022	0.0173	550.45	490.19	269.49	566.7				120.1745	87.9	85.6	91.4	96	82.6	85.3	90.4	91.7	80.5	47.6	83.6	81.6	76.3	86.4	97.3	79.1	1.5	3.1			
112	2019-04-01T11:19:14	0.3563	0.3976	0.2019	0.507	69.3	-13.18	21.74	29441.28	32850.01	20328.08	0.3624	0.3988	0.3988	0.2053	0.5083	69.39	-11.55	23.15	32167.03	35396.64	21187.54	4795	0.022	0.0173	550.45	491.23	269.62	566.7				120.3698	87.9	85.6	91.3	96	82.6	85.3	90.4	91.7	80.6	47.7	83.6	81.6	76.2	86.4	97.3	79.1	1.5	3.1			
113	2019-04-01T11:19:44	0.3563	0.3976	0.2019	0.5069	69.3	-13.17	21.73	29308.23	32698.24	20241.75	0.3624	0.3988	0.3988	0.2053	0.5083	69.38	-11.54	23.13	32021.43	35233.45	21098.82	4795	0.022	0.0172	550.45	489.1	269.62	566.7				119.8629	88	85.6	91.4	96	82.6	85.3	90.4	91.7	80.6	47.8	83.6	81.7	76.3	86.4	97.3	79.2	1.5	3.1			
114	2019-04-01T11:20:14	0.3563	0.3975	0.202	0.5069	69.29	-13.16	21.7	29138.85	32505.53	20134.55	0.3624	0.3987	0.3987	0.2053	0.5083	69.38	-11.53	23.1	31836.06	35026.59	20987.69	4795	0.022	0.0172	550.45	486.04	269.62	566.7				119.1874	88	85.6	91.4	96	82.6	85.4	90.4	91.7	80.7	47.9	83.6	81.7	76.3	86.5	97.3	79.2	1.5	3.1			
115	2019-04-01T11:20:44	0.3562	0.3974	0.2019	0.5068	69.28	-13.17	21.64	29179.19	32555.25	20191.17	0.3622	0.3986	0.3986	0.2053	0.5082	69.37	-11.55	23.05	31880.93	35082.06	21048.2	4798	0.022	0.0172	550.45	487.19	269.58	566.7				119.3096	88	85.6	91.4	96	82.6	85.4	90.4	91.7	80.6	47.9	83.7	81.7	76.3	86.5	97.3	79.2	1.5	3.1			
116	2019-04-01T11:21:14	0.3559	0.3972	0.2018	0.5068	69.27	-13.22	21.56	29117.17	32499.86	20196	0.362	0.3985	0.3985	0.2051	0.5081	69.36	-11.6	22.96	31815.19	35025.48	21055.05	4806	0.022	0.0173	550.45	486.2	269.43	566.6				119.0621	87.9	85.6	91.4	96	82.6	85.3	90.4	91.7	80.6	47.7	83.7	81.7	76.3	86.4	97.3	79.2	1.5	3.1			
117	2019-04-01T11:21:44	0.3559	0.3972	0.2018	0.5068	69.27	-13.21	21.56	28971.78	32335.46	20092.08	0.362	0.3985	0.3985	0.2052	0.5081	69.36	-11.59	22.97	31656.08	34847.71	20946.3	4806	0.022	0.0173	550.45	483.89	269.41	566.6				118.4338	88	85.6	91.4	96	82.6	85.3	90.4	91.7	80.6	47.8	83.6	81.7	76.3	86.4	97.3	79.2	1.5	3.1			
118	2019-04-01T11:22:14	0.3558	0.3971	0.2018	0.5067	69.26	-13.22	21.5	28631.14	31956.39	19885.02	0.3619	0.3984	0.3984	0.2051	0.5081	69.35	-11.6	22.91	31283.99	34441.3	20729.88	4808	0.022	0.0172	548.69	478.01	269.17	566.6				117.0162	87.9	85.6	91.4	96	82.6	85.3	90.4	91.7	80.6	47.7	83.7	81.6	76.3	86.4	97.3	79.1	1.5	3.1			
119	2019-04-01T11:22:44	0.3556	0.3971	0.2017	0.5066	69.26	-13.25	21.47	28462.36	31777.25	19790.04	0.3617	0.3983	0.3983	0.205	0.508	69.35	-11.64	22.87	31100.82	34249.9	20632.74	4812	0.022	0.0173	550.45	475.24	269.35	566.5				116.3676	87.9	85.6	91.4	95.9	82.6	85.3	90.4	91.7	80.6	47.7	83.7	81.6	76.4	86.4	97.3	79.1	1.5	3.1			
120	2019-04-01T11:23:14	0.3557	0.3972	0.2017	0.5067	69.27	-13.27	21.53	28422.12	31736.5	19735.12	0.3618	0.3985	0.3985	0.2051	0.5081	69.36	-11.65	22.94	31057.2	34203.81	20574.23	4810	0.022	0.0173	550.45	474.5	269.1	566.5				116.1377	87.9	85.5	91.3	96	82.5	85.3	90.4	91.7	80.6	47.6	83.6	81.6	76.3	86.4	97.3	79.1	1.5	3.1			
121	2019-04-01T11:23:44	0.3557	0.3971	0.2017	0.5067	69.26	-13.23	21.49	28397.77	31698.4	19730.32	0.3618	0.3983	0.3983	0.2051	0.5081	69.35	-11.61	22.89	31029.75	34164.22	20570.83	4808	0.022	0.0173	550.45	473.73	269.3	566.5				116.0391	87.9	85.6	91.4	95.9	82.6	85.3	90.4	91.7	80.6	47.7	83.7	81.6	76.4	86.4	97.2	79.1	1.5	3.1			
122	2019-04-01T11:24:14	0.3559	0.3972	0.2018	0.5067	69.27	-13.21	21.53	28552.72	31866.21	19813.78	0.3619	0.3984	0.3984	0.2051	0.5081	69.36	-11.6	22.94	31197.95	34343.74	20656.02	4806	0.022	0.0172	550.45	476.14	269.27	566.6				116.6286	88	85.6	91.4	96	82.6	85.4	90.5	91.7	80.6	47.8	83.7	81.7	76.4	86.5	97.3	79.2	1.5	3.1			
123	2019-04-01T11:24:44	0.3562	0.3972	0.202	0.5068	69.27	-13.13	21.6	28706.22	32015.53	19874.07	0.3622	0.3985	0.3985	0.2053	0.5082	69.36	-11.51	23.01	31363.14	34501.55	20718.57	4797	0.022	0.0172	550.45	478.1	269.41	566.7				117.2858	88	85.7	91.4	96	82.7	85.4	90.5	91.7	80.7	48.1	83.8	81.8	76.4	86.5	97.3	79.3	1.5	3.1			
124	2019-04-01T11:25:14	0.3574	0.3976	0.2026	0.5071	69.3	-12.86	21.92	29045.81	32320.82	19913.98	0.3634	0.3988	0.3988	0.2059	0.5085	69.39	-11.24	23.31	31725.05	34819.22	20757.93	4764	0.022	0.0169	550.45	482.58	270.24	567.1				118.7865	88.2	86	91.6	96.1	83	85.7	90.6	91.8	81	49	84	82.1	76.6	86.8	97.4	79.6	1.5	3.1			
125	2019-04-01T11:25:44	0.3588	0.3981	0.2033	0.5075	69.33	-12.53	22.3	29355.26	32572.02	19893.45	0.3648	0.3992	0.3992	0.2067	0.5089	69.41	-10.9	23.68	32050.83	35075.83	20731.25	4727	0.021	0.0166	550.45	485.43	271.17	567.6				120.13	88.5	86.3	91.7	96.2	83.4	86	90.8	92	81.4	50.2	84.2	82.5	76.9	87.1	97.5	80.1	1.5	3.1			
126	2019-04-01T11:26:14	0.3606	0.3987	0.2042	0.508	69.37	-12.11	22.78	29357.01	32456.07	19598.69	0.3666	0.3998	0.3998	0.2076	0.5093	69.45	-10.47	24.15	32037.82	34934.15	20417.95	4677	0.021	0.0162	550.45	482.05	272.78	568.2				120.2808	88.7	86.7	91.9	96.3	83.7	86.3	91	92.1	81.8	51.5	84.6	82.9	77.2	87.5	97.6	80.6	1.5	3.1			
127	2019-04-01T11:26:44	0.3625	0.3992	0.2052	0.5085	69.41	-11.65	23.27	29478.18	32464.27	19378.63	0.3685	0.4002	0.4002	0.2086	0.5098	69.49	-10.02	24.62	32153.86	34925.64	20184.54	4627	0.02	0.0158	550.45	482	274.23	568.7				120.9385	89.1	87.3	92.2	96.5	84.3	86.8	91.3	92.3	82.4	53.3	85	83.6	77.6	87.9	97.7	81.3	1.5	3.1			
128	2019-04-01T11:27:14	0.3632	0.3994	0.2056	0.5087	69.43	-11.47	23.47	29420.23	32351.1	19220.88	0.3692	0.4004	0.4004	0.209	0.51	69.5	-9.84	24.81	32084.39	34796.85	20017.73	4607	0.02	0.0157	550.45	480.17	274.88	569				120.7302	89.2	87.5	92.2	96.5	84.5	86.9	91.4	92.4	82.6	53.8	85.1	83.8	77.7	88.1	97.7	81.5	1.5	3.1			
129	2019-04-01T11:27:44	0.3632	0.3994	0.2056	0.5087	69.43	-11.46	23.45	29247.89	32158.96	19116.11	0.3692	0.4004	0.4004	0.209	0.51	69.5	-9.83	24.79	31896.15	34590.97	19908.75	4608	0.02	0.0157	550.45	476.81	274.75	569				120.0302	89.3	87.5	92.3	96.5	84.5	86.9	91.4	92.4	82.6	53.9	85.1	83.8	77.8	88.1	97.7	81.5	1.5	3.1			
130	2019-04-01T11:28:14	0.3632	0.3993	0.2056	0.5086	69.42	-11.44	23.41	29000.06	31880.14	18966.07	0.3692	0.4003	0.4003	0.209	0.5099	69.49	-9.81	24.75	31626.08	34291.6	19755	4608	0.02	0.0156	550.45	472.56	274.79	569				118.9876	89.3	87.5	92.3	96.5	84.5	86.9	91.4	92.4	82.6	53.9	85.2	83.8	77.8	88.1	97.7	81.5	1.5	3.1			
131	2019-04-01T11:28:44	0.3633	0.3993	0.2057	0.5087	69.42	-11.43	23.43	28687.14	31532.77	18751.91	0.3692	0.4003	0.4003	0.209	0.5099	69.49	-9.8	24.77	31284.16	33917.88	19531.59	4606	0.02	0.0156	550.45	467.75	274.97	569				117.7126	89.3	87.5	92.3	96.5	84.5	87	91.4	92.4	82.6	54	85.2	83.8	77.9	88.2	97.7	81.6	1.5	3.1			
132	2019-04-01T11:29:14	0.3631	0.3992	0.2056	0.5086	69.41	-11.45	23.37	28623.29	31468.46	18736.8	0.3691	0.4002	0.4002	0.209	0.5099	69.48	-9.82	24.72	31215.29	33850.27	19516.13	4610	0.02	0.0156	550.45	466.27	274.97	569				117.4273	89.3	87.5	92.3	96.5	84.5	87	91.4	92.4	82.6	53.9	85.2	83.8	77.9	88.1	97.7	81.5	1.5	3.1			
133	2019-04-01T11:29:44	0.363	0.3992	0.2055	0.5086	69.41	-11.48	23.34	28558.26	31406.4	18715	0.3689	0.4002	0.4002	0.2089	0.5098	69.48	-9.86	24.69	31145.62	33785	19493.57	4614	0.02	0.0157	550.45	465.47	274.75	568.9				117.1183	89.2	87.5	92.3	96.5	84.5	86.9	91.4	92.3	82.6	53.8	85.2	83.8	77.8	88.1	97.7	81.5	1.5	3.1			
134	2019-04-01T11:30:14	0.3628	0.3991	0.2055	0.5085	69.41	-11.51	23.3	28700.7	31570.45	18828.9	0.3688	0.4001	0.4001	0.2088	0.5098	69.48	-9.88	24.65	31302.21	33962.25	19614.06	4616	0.02	0.0157	550.45	467.9	274.51	568.9				117.68	89.2	87.4	92.3	96.5	84.4	86.9	91.4	92.3	82.6	53.7	85.1	83.7	77.8	88.1	97.7	81.5	1.5	3.1			
135	2019-04-01T11:30:44	0.3629	0.3991	0.2055	0.5085	69.4	-11.47	23.31	28445.69	31278.98	18650.31	0.3689	0.4001	0.4001	0.2089	0.5098	69.48	-9.84	24.66	31022.88	33648.65	19427.29	4614	0.02	0.0156	550.45	463.16	274.99	568.9				116.6459	89.2	87.5	92.3	96.5	84.5	86.9	91.4	92.3	82.6	53.8	85.2	83.8	77.9	88.1	97.7	81.5	1.5	3.1			
136	2019-04-01T11:31:14	0.3629	0.3991	0.2055	0.5085	69.4	-11.47	23.31	28550.08	31393.37	18720.83	0.3689	0.4001	0.4001	0.2089	0.5098	69.48	-9.85	24.65	31136.43	33772.09	19500.6	4614	0.02	0.0156	550.45	465.3	274.71	568.9				117.0745	89.3	87.5	92.3	96.5	84.5	87	91.4	92.3	82.6	53.9	85.2	83.8	77.9	88.1	97.7	81.5	1.5	3.1			
137	2019-04-01T11:31:45	0.3628	0.3991	0.2055	0.5085	69.4	-11.5	23.28	28897.23	31784.7	18966.04	0.3688	0.4001	0.4001	0.2088	0.5098	69.48	-9.88	24.63	31516.07	34194.02	19755.75	4618	0.02	0.0157	550.45	471.13	274.63	568.9				118.4545	89.2	87.5	92.3	96.5	84.5	86.9	91.4	92.3	82.6	53.8	85.2	83.8	77.9	88.1	97.7	81.5	1.5	3.1			
138	2019-04-01T11:32:15	0.3631	0.3992	0.2056	0.5086	69.41	-11.46	23.38	29196.04	32102.49	19112.23	0.369	0.4002	0.4002	0.2089	0.5099	69.49	-9.84	24.72	31840.86	34533.14	19907.88	4610	0.02	0.0156	550.45	475.42	274.8	568.9				119.6487	89.2	87.5	92.3	96.5	84.5	86.9	91.4	92.3	82.6	53.7	85.2	83.8	77.9	88.1	97.7	81.5	1.5	3.1			
139	2019-04-01T11:32:45	0.363	0.3992	0.2055	0.5086	69.41	-11.47	23.35	29214.82	32126.21	19140.08	0.3689	0.4002	0.4002	0.2089	0.5098	69.48	-9.85	24.69	31861.63	34559.69	19936.91	4614	0.02	0.0156	550.45	476.18	274.67	568.9				119.7336	89.3	87.5	92.3	96.5	84.5	87	91.4	92.3	82.6	53.8	85.2	83.8	77.9	88.1	97.7	81.5	1.5	3.1			
140	2019-04-01T11:33:15	0.3631	0.3992	0.2056	0.5086	69.41	-11.47	23.37	29380.47	32306.3	19238.39	0.369	0.4002	0.4002	0.2089	0.5099	69.49	-9.84	24.71	32042.16	34752.6	20038.98	4612	0.02	0.0156	550.45	478.26	274.73	568.9				120.3886	89.3	87.5	92.3	96.5	84.5	87	91.4	92.3	82.6	53.8	85.2	83.8	77.9	88.1	97.7	81.5	1.5	3.1			
141	2019-04-01T11:33:45	0.363	0.3991	0.2055	0.5085	69.41	-11.47	23.33	29513.89	32453.31	19342.99	0.3689	0.4001	0.4001	0.2089	0.5098	69.48	-9.84	24.68	32187.76	34911.99	20147.98	4614	0.02	0.0156	550.45	480.49	274.61	568.9				120.931	89.3	87.5	92.3	96.5	84.5	87	91.5	92.3	82.6	53.8	85.2	83.8	77.9	88.1	97.7	81.5	1.5	3.1			
142	2019-04-01T11:34:15	0.3629	0.3991	0.2055	0.5085	69.4	-11.48	23.3	29338.19	32264.46	19245.74	0.3688	0.4001	0.4001	0.2089	0.5098	69.48	-9.86	24.64	31997.03	34709.68	20047.72	4616	0.02	0.0156	550.45	477.68	274.53	568.9				120.2118	89.2	87.5	92.3	96.5	84.5	86.9	91.4	92.3	82.6	53.7	85.2	83.8	77.9	88.1	97.7	81.5	1.5	3.1			
143	2019-04-01T11:34:45	0.3629	0.399	0.2055	0.5085	69.4	-11.48	23.29	29005.9	31897.16	19030.74	0.3688	0.4001	0.4001	0.2089	0.5098	69.47	-9.85	24.63	31634.84	34314.61	19825.28	4616	0.02	0.0156	550.45	471.67	274.65	568.9				118.8178	89.2	87.5	92.3	96.5	84.5	86.9	91.4	92.3	82.6	53.7	85.2	83.8	77.9	88.1	97.7	81.5	1.5	3.1			
144	2019-04-01T11:35:15	0.3628	0.399	0.2055	0.5085	69.4	-11.48	23.28	28989.81	31881.04	19026.31	0.3688	0.4	0.4	0.2089	0.5098	69.47	-9.86	24.62	31617.46	34297.74	19820.63	4616	0.02	0.0156	550.45	472.07	274.85	568.9				118.7804	89.2	87.4	92.3	96.4	84.5	86.9	91.4	92.3	82.5	53.7	85.2	83.8	77.9	88.1	97.7	81.4	1.5	3.1			
145	2019-04-01T11:35:45	0.3629	0.399	0.2055	0.5085	69.4	-11.47	23.29	28363.19	31187.72	18607.82	0.3688	0.4001	0.4001	0.2089	0.5098	69.47	-9.85	24.63	30932.91	33551.59	19382.45	4616	0.02	0.0156	550.45	461.34	274.8	568.9				116.1848	89.3	87.5	92.3	96.5	84.5	87	91.5	92.3	82.6	53.8	85.2	83.8	77.9	88.1	97.7	81.5	1.5	3.1			
146	2019-04-01T11:36:15	0.3627	0.3989	0.2055	0.5084	69.39	-11.49	23.22	28279.48	31101.12	18586.08	0.3686	0.3999	0.3999	0.2088	0.5097	69.46	-9.87	24.56	30843.27	33460.48	19363.23	4620	0.02	0.0156	548.69	459.96	274.74	568.9				115.8776	89.2	87.5	92.3	96.4	84.5	86.9	91.5	92.3	82.5	53.7	85.3	83.8	77.9	88.1	97.7	81.5	1.5	3.1			
147	2019-04-01T11:36:45	0.3626	0.3989	0.2054	0.5084	69.39	-11.51	23.21	28185.67	31004.1	18532.51	0.3686	0.3999	0.3999	0.2088	0.5097	69.46	-9.89	24.55	30741.46	33356.95	19307.57	4622	0.02	0.0157	550.45	458.86	274.62	568.8				115.4731	89.2	87.4	92.3	96.4	84.5	86.9	91.5	92.3	82.6	53.7	85.2	83.8	77.9	88.1	97.7	81.4	1.5	3.1			
148	2019-04-01T11:37:15	0.3626	0.3989	0.2054	0.5084	69.39	-11.52	23.2	28262.94	31091.33	18586.21	0.3686	0.3999	0.3999	0.2088	0.5097	69.46	-9.9	24.55	30826.29	33450.38	19363.38	4622	0.02	0.0157	550.45	460.12	274.64	568.8				115.771	89.2	87.4	92.3	96.4	84.4	86.9	91.4	92.3	82.5	53.5	85.2	83.8	77.9	88.1	97.7	81.4	1.5	3.1			
149	2019-04-01T11:37:45	0.3627	0.399	0.2054	0.5084	69.39	-11.5	23.23	28296.95	31124.26	18593.72	0.3687	0.4	0.4	0.2088	0.5097	69.47	-9.88	24.58	30862.15	33485.45	19368.93	4620	0.02	0.0156	548.69	460.01	274.51	568.9				115.9029	89.2	87.4	92.3	96.4	84.4	86.9	91.5	92.3	82.5	53.6	85.2	83.8	77.9	88.1	97.7	81.4	1.5	3.1			
150	2019-04-01T11:38:15	0.3627	0.399	0.2054	0.5084	69.4	-11.51	23.24	28366.91	31203.39	18638.86	0.3686	0.4	0.4	0.2088	0.5097	69.47	-9.89	24.58	30938.87	33570.49	19416.51	4620	0.02	0.0157	550.45	461.04	274.5	568.9				116.1614	89.2	87.4	92.3	96.4	84.4	86.9	91.5	92.3	82.5	53.6	85.2	83.8	77.9	88.1	97.7	81.4	1.5	3.1			
151	2019-04-01T11:38:45	0.3629	0.3992	0.2055	0.5085	69.41	-11.5	23.32	28424.45	31264.65	18638.22	0.3688	0.4002	0.4002	0.2089	0.5098	69.48	-9.87	24.67	31001.24	33633.49	19414.78	4616	0.02	0.0157	550.45	462.23	274.71	568.9				116.3884	89.2	87.4	92.3	96.4	84.4	86.9	91.4	92.3	82.5	53.5	85.2	83.8	77.9	88.1	97.7	81.4	1.5	3.1			
152	2019-04-01T11:39:15	0.3627	0.3989	0.2055	0.5084	69.39	-11.49	23.23	28356.17	31186.18	18632.57	0.3687	0.4	0.4	0.2088	0.5097	69.47	-9.87	24.57	30926.68	33551.91	19410.31	4620	0.02	0.0156	550.45	461.23	274.83	568.9				116.1533	89.2	87.4	92.3	96.4	84.5	86.9	91.5	92.3	82.6	53.7	85.3	83.8	77.9	88.1	97.7	81.4	1.5	3.1			
153	2019-04-01T11:39:45	0.3627	0.399	0.2054	0.5085	69.4	-11.52	23.25	28757.49	31636.44	18890.68	0.3687	0.4	0.4	0.2088	0.5097	69.47	-9.9	24.6	31365.28	34035.43	19678.79	4620	0.02	0.0157	550.45	467.75	274.6	568.8				117.7823	89.2	87.4	92.3	96.4	84.4	86.9	91.4	92.3	82.5	53.6	85.2	83.8	77.9	88.1	97.7	81.4	1.5	3.1			
154	2019-04-01T11:40:15	0.3628	0.399	0.2055	0.5085	69.4	-11.5	23.25	28699.85	31566.86	18850.54	0.3687	0.4	0.4	0.2088	0.5097	69.47	-9.88	24.6	31301.64	33960.99	19636.53	4620	0.02	0.0157	550.45	466.28	274.62	568.9				117.5583	89.2	87.4	92.3	96.4	84.4	86.9	91.4	92.3	82.5	53.7	85.2	83.8	77.9	88.1	97.7	81.4	1.5	3.1			
155	2019-04-01T11:40:45	0.3628	0.3989	0.2055	0.5084	69.39	-11.47	23.24	28523.56	31366.52	18733.63	0.3687	0.4	0.4	0.2088	0.5097	69.47	-9.86	24.59	31108.93	33745.39	19515.58	4618	0.02	0.0156	548.69	463.96	274.63	568.9				116.836	89.2	87.4	92.3	96.4	84.4	86.9	91.5	92.3	82.5	53.7	85.3	83.8	78	88.1	97.7	81.4	1.5	3.1			
156	2019-04-01T11:41:15	0.3628	0.399	0.2055	0.5084	69.39	-11.47	23.25	28317.27	31138.55	18594.71	0.3687	0.4	0.4	0.2089	0.5097	69.47	-9.85	24.59	30883.69	33499.83	19370.73	4618	0.02	0.0156	550.45	459.6	274.74	568.9				115.9808	89.2	87.4	92.3	96.4	84.5	86.9	91.5	92.3	82.6	53.8	85.3	83.8	78	88.1	97.7	81.4	1.5	3.1			
157	2019-04-01T11:41:45	0.3627	0.3989	0.2054	0.5084	69.39	-11.5	23.23	28072.22	30877.02	18447.45	0.3686	0.4	0.4	0.2088	0.5097	69.47	-9.88	24.57	30617.42	33219.49	19217.53	4620	0.02	0.0156	550.45	455.95	274.65	568.9				114.9774	89.2	87.4	92.3	96.4	84.4	86.9	91.5	92.3	82.5	53.6	85.2	83.8	77.9	88.1	97.7	81.4	1.5	3.1			
158	2019-04-01T11:42:15	0.3627	0.3989	0.2055	0.5084	69.39	-11.49	23.23	27794.96	30568.75	18260.51	0.3687	0.4	0.4	0.2088	0.5097	69.47	-9.87	24.58	30314.43	32887.72	19022.24	4620	0.02	0.0156	550.45	451.26	274.63	568.9				113.8582	89.2	87.4	92.3	96.4	84.4	86.9	91.5	92.3	82.6	53.7	85.3	83.8	77.9	88.1	97.7	81.4	1.5	3.1			
159	2019-04-01T11:42:47	0.3627	0.3988	0.2054	0.5084	69.39	-11.48	23.18	27525.4	30271.23	18104.09	0.3686	0.3999	0.3999	0.2088	0.5096	69.46	-9.87	24.53	30020.94	32568.43	18861.5	4621	0.02	0.0156	548.69	447.29	274.86	568.9				112.7406	89.2	87.4	92.3	96.4	84.5	86.9	91.5	92.3	82.6	53.7	85.3	83.8	78	88.1	97.7	81.4	1.5	3.1			
160	2019-04-01T11:43:15	0.3628	0.3989	0.2055	0.5084	69.39	-11.48	23.23	27544.99	30292.02	18096.26	0.3687	0.4	0.4	0.2088	0.5097	69.47	-9.86	24.58	30041.71	32590.18	18852.31	4618	0.02	0.0156	550.45	447.67	275.14	568.9				112.8783	89.2	87.4	92.3	96.4	84.5	86.9	91.5	92.3	82.6	53.8	85.3	83.8	78	88.1	97.7	81.4	1.5	3.1			
161	2019-04-01T11:43:45	0.3628	0.399	0.2055	0.5085	69.4	-11.48	23.26	27725.61	30489.79	18203.92	0.3687	0.4	0.4	0.2088	0.5097	69.47	-9.86	24.6	30238.59	32802	18963.82	4618	0.02	0.0156	550.45	450.45	274.85	568.9				113.6272	89.2	87.4	92.3	96.4	84.5	86.9	91.5	92.3	82.6	53.8	85.3	83.8	78	88.1	97.7	81.4	1.5	3.1			
162	2019-04-01T11:44:15	0.3627	0.3989	0.2055	0.5084	69.39	-11.47	23.2	27963.73	30751.05	18383.72	0.3686	0.3999	0.3999	0.2088	0.5097	69.46	-9.86	24.55	30498.19	33084.89	19151.7	4620	0.02	0.0156	550.45	454.03	275.01	568.9				114.5869	89.3	87.4	92.3	96.4	84.5	87	91.5	92.3	82.6	53.9	85.3	83.8	78	88.1	97.7	81.5	1.5	3.1			
163	2019-04-01T11:44:45	0.3625	0.3988	0.2054	0.5083	69.38	-11.52	23.14	28281.43	31112.09	18625.22	0.3684	0.3998	0.3998	0.2087	0.5096	69.46	-9.91	24.49	30846.19	33475.17	19403.7	4625	0.02	0.0156	550.45	459.33	274.81	568.8				115.8602	89.2	87.4	92.3	96.4	84.4	86.9	91.5	92.3	82.5	53.7	85.3	83.8	78	88.1	97.7	81.4	1.5	3.1			
164	2019-04-01T11:45:16	0.3624	0.3987	0.2053	0.5083	69.38	-11.54	23.11	28091.11	30908.18	18518.55	0.3683	0.3998	0.3998	0.2087	0.5096	69.45	-9.93	24.45	30639.34	33257.04	19293.31	4628	0.02	0.0157	550.45	456.31	275.04	568.8				115.1264	89.2	87.4	92.3	96.4	84.4	86.9	91.5	92.3	82.5	53.7	85.3	83.8	78	88.1	97.7	81.4	1.5	3.1			
165	2019-04-01T11:45:45	0.3626	0.3989	0.2054	0.5084	69.39	-11.52	23.2	28073.57	30883.88	18463.18	0.3686	0.3999	0.3999	0.2087	0.5097	69.47	-9.9	24.55	30618.99	33227.39	19233.02	4623	0.02	0.0157	550.45	456.47	274.69	568.8				115.0434	89.2	87.4	92.3	96.4	84.4	86.9	91.4	92.3	82.6	53.8	85.2	83.8	77.9	88.1	97.7	81.4	1.5	3.1			
166	2019-04-01T11:46:16	0.3626	0.3988	0.2054	0.5084	69.38	-11.49	23.17	27546.73	30296.4	18124.06	0.3685	0.3999	0.3999	0.2088	0.5096	69.46	-9.88	24.52	30043.66	32596.62	18880.95	4622	0.02	0.0156	550.45	447.26	275.07	568.8				112.8783	89.3	87.4	92.3	96.4	84.5	87	91.5	92.3	82.6	53.9	85.3	83.8	78	88.1	97.7	81.5	1.5	3.1			
167	2019-04-01T11:46:46	0.3626	0.3988	0.2054	0.5083	69.38	-11.5	23.15	27751.73	30523.55	18269.61	0.3685	0.3998	0.3998	0.2087	0.5096	69.46	-9.89	24.5	30267.43	32841.74	19033.26	4623	0.02	0.0156	550.45	450.65	275.04	568.8				113.7505	89.3	87.4	92.3	96.4	84.5	87	91.5	92.3	82.6	54	85.3	83.8	78	88.1	97.7	81.5	1.5	3.1			
168	2019-04-01T11:47:16	0.3624	0.3987	0.2053	0.5083	69.37	-11.52	23.08	27376.68	30117.12	18053.38	0.3683	0.3997	0.3997	0.2087	0.5095	69.45	-9.91	24.43	29859.34	32406.09	18809.26	4628	0.02	0.0156	550.45	444.66	274.88	568.8				112.2536	89.2	87.4	92.3	96.4	84.4	86.9	91.5	92.3	82.6	53.9	85.3	83.8	78	88.1	97.7	81.5	1.5	3.1			
169	2019-04-01T11:47:46	0.3622	0.3986	0.2053	0.5082	69.37	-11.55	23.03	27716.6	30499.54	18307.34	0.3681	0.3996	0.3996	0.2086	0.5095	69.44	-9.95	24.38	30231.16	32819.51	19073.11	4632	0.02	0.0157	550.45	450.29	274.76	568.7				113.6322	89.2	87.4	92.3	96.4	84.4	86.9	91.5	92.3	82.5	53.7	85.3	83.8	78	88.1	97.6	81.4	1.5	3.1			
170	2019-04-01T11:48:16	0.3622	0.3987	0.2052	0.5083	69.38	-11.57	23.07	27656.28	30439.13	18255.16	0.3682	0.3997	0.3997	0.2086	0.5095	69.45	-9.97	24.42	30165.8	32753.66	19018.41	4632	0.02	0.0157	550.45	449.61	274.65	568.7				113.3583	89.2	87.4	92.3	96.4	84.4	86.9	91.5	92.3	82.5	53.7	85.3	83.8	78	88.1	97.6	81.4	1.5	3.1			
171	2019-04-01T11:48:46	0.3621	0.3986	0.2052	0.5082	69.37	-11.59	23.04	27866.31	30674.86	18406.39	0.3681	0.3997	0.3997	0.2085	0.5095	69.45	-9.98	24.39	30395.6	33007.91	19176.3	4634	0.02	0.0157	550.45	453.33	274.8	568.7				114.2301	89.2	87.3	92.3	96.4	84.3	86.9	91.4	92.3	82.5	53.6	85.2	83.7	77.9	88	97.6	81.3	1.5	3.1			
172	2019-04-01T11:49:16	0.3621	0.3987	0.2052	0.5083	69.38	-11.62	23.06	28175.33	31021.9	18607.21	0.3681	0.3998	0.3998	0.2085	0.5095	69.45	-10.01	24.41	30733.15	33381.63	19384.83	4635	0.02	0.0157	548.69	458.09	274.78	568.7				115.4962	89.2	87.3	92.3	96.4	84.3	86.9	91.4	92.3	82.5	53.5	85.2	83.7	77.9	88	97.6	81.3	1.5	3.1			
173	2019-04-01T11:49:46	0.3625	0.3989	0.2053	0.5084	69.39	-11.55	23.18	27860.45	30655.69	18337.1	0.3685	0.3999	0.3999	0.2087	0.5097	69.46	-9.93	24.53	30387.22	32983.49	19101.57	4625	0.02	0.0157	548.69	452.34	274.68	568.8				114.1925	89.2	87.4	92.3	96.4	84.4	86.9	91.4	92.3	82.5	53.7	85.3	83.7	77.9	88.1	97.7	81.3	1.5	3.1			
174	2019-04-01T11:50:16	0.3623	0.3987	0.2053	0.5083	69.38	-11.57	23.09	27725.35	30512.56	18288.34	0.3682	0.3998	0.3998	0.2086	0.5096	69.45	-9.96	24.44	30240.56	32832.27	19051.91	4630	0.02	0.0157	548.69	450.88	274.85	568.8				113.6253	89.2	87.4	92.3	96.4	84.4	86.9	91.5	92.3	82.5	53.7	85.3	83.7	78	88.1	97.6	81.4	1.5	3.1			
175	2019-04-01T11:50:46	0.3622	0.3987	0.2052	0.5082	69.37	-11.59	23.05	27599.69	30380.78	18227.73	0.3681	0.3997	0.3997	0.2085	0.5095	69.45	-9.98	24.4	30104.58	32691.2	18990.25	4634	0.02	0.0157	548.69	448.51	274.74	568.7				113.1203	89.2	87.3	92.3	96.4	84.4	86.9	91.4	92.3	82.6	53.7	85.2	83.7	77.9	88	97.6	81.3	1.5	3.1			
176	2019-04-01T11:51:16	0.3621	0.3986	0.2052	0.5082	69.37	-11.59	23.03	27579.01	30357.87	18219.42	0.3681	0.3997	0.3997	0.2085	0.5095	69.45	-9.98	24.39	30081.96	32667.39	18981.88	4634	0.02	0.0157	548.69	448.16	275.07	568.7				113.0711	89.2	87.4	92.3	96.4	84.4	86.9	91.5	92.3	82.5	53.7	85.3	83.7	78	88.1	97.6	81.3	1.5	3.1			
177	2019-04-01T11:51:46	0.3622	0.3987	0.2052	0.5082	69.37	-11.6	23.05	27520.04	30294.44	18173.54	0.3681	0.3997	0.3997	0.2085	0.5095	69.45	-9.99	24.41	30017.67	32598.53	18933.63	4634	0.02	0.0157	550.45	447.13	274.61	568.7				112.8331	89.2	87.4	92.3	96.4	84.4	86.9	91.4	92.3	82.6	53.8	85.3	83.7	78	88	97.6	81.3	1.5	3.1			
178	2019-04-01T11:52:16	0.3621	0.3987	0.2051	0.5082	69.38	-11.62	23.04	27392.65	30161.17	18099.4	0.368	0.3997	0.3997	0.2085	0.5095	69.45	-10.01	24.39	29879.57	32455.24	18856.16	4637	0.02	0.0157	548.69	445.04	274.94	568.7				112.3083	89.2	87.3	92.2	96.4	84.3	86.8	91.4	92.3	82.5	53.6	85.2	83.7	77.9	88	97.6	81.3	1.5	3.1			
179	2019-04-01T11:52:46	0.3619	0.3986	0.2051	0.5082	69.37	-11.65	22.99	27640.25	30440.25	18287.74	0.3679	0.3997	0.3997	0.2084	0.5095	69.45	-10.04	24.35	30150.28	32757.48	19052.41	4640	0.02	0.0158	550.45	449.48	274.69	568.6				113.3039	89.2	87.3	92.2	96.4	84.3	86.8	91.4	92.3	82.5	53.6	85.2	83.7	77.9	88	97.6	81.3	1.5	3.1			
180	2019-04-01T11:53:16	0.3619	0.3985	0.2051	0.5081	69.37	-11.64	22.97	27903.65	30728.5	18470.75	0.3678	0.3996	0.3996	0.2084	0.5094	69.44	-10.03	24.32	30437.93	33067.83	19244.51	4641	0.02	0.0157	548.69	453.58	274.82	568.6				114.4063	89.2	87.3	92.2	96.4	84.3	86.8	91.4	92.3	82.5	53.6	85.2	83.7	77.9	88	97.6	81.3	1.5	3.1			
181	2019-04-01T11:53:46	0.3622	0.3987	0.2052	0.5083	69.38	-11.6	23.07	27984.7	30807.59	18473.71	0.3681	0.3998	0.3998	0.2085	0.5096	69.45	-9.99	24.43	30524.59	33150.4	19245.63	4634	0.02	0.0157	548.69	454.45	274.68	568.7				114.7212	89.2	87.3	92.3	96.4	84.3	86.9	91.4	92.3	82.6	53.7	85.2	83.7	77.9	88	97.6	81.3	1.5	3.1			
182	2019-04-01T11:54:16	0.3623	0.3988	0.2053	0.5083	69.38	-11.58	23.1	28169.39	31004.45	18577.68	0.3682	0.3998	0.3998	0.2086	0.5096	69.46	-9.97	24.46	30725.13	33360.83	19353.93	4630	0.02	0.0157	548.69	457.44	274.63	568.7				115.497	89.2	87.4	92.3	96.4	84.4	86.9	91.4	92.3	82.6	53.9	85.3	83.8	78	88	97.6	81.4	1.5	3.1			
183	2019-04-01T11:54:46	0.3625	0.3989	0.2054	0.5084	69.39	-11.54	23.17	28018.94	30828.7	18442.76	0.3685	0.3999	0.3999	0.2087	0.5097	69.46	-9.93	24.52	30559.76	33169.37	19212.23	4625	0.02	0.0157	550.45	454.71	274.72	568.8				114.8445	89.2	87.4	92.3	96.4	84.4	86.9	91.4	92.3	82.6	53.9	85.3	83.8	78	88.1	97.7	81.4	1.5	3.1			
184	2019-04-01T11:55:16	0.3624	0.3988	0.2053	0.5083	69.38	-11.55	23.12	28168.9	30996.69	18566.75	0.3683	0.3998	0.3998	0.2086	0.5096	69.46	-9.94	24.47	30723.61	33351.9	19342.68	4628	0.02	0.0157	548.69	457.02	274.99	568.8				115.5086	89.2	87.4	92.3	96.4	84.4	86.9	91.5	92.3	82.7	54.1	85.3	83.8	78	88.1	97.7	81.4	1.5	3.1			
185	2019-04-01T11:55:46	0.3621	0.3986	0.2052	0.5082	69.37	-11.58	23.01	27893.32	30701.88	18438.26	0.368	0.3996	0.3996	0.2085	0.5095	69.44	-9.98	24.36	30424.53	33038.04	19210.6	4635	0.02	0.0157	550.45	452.84	274.86	568.7				114.3612	89.2	87.4	92.3	96.4	84.4	86.9	91.5	92.3	82.6	54	85.3	83.8	78	88.1	97.6	81.4	1.5	3.1			
186	2019-04-01T11:56:16	0.362	0.3984	0.2052	0.5081	69.36	-11.59	22.94	27759.13	30556.09	18377.63	0.3679	0.3995	0.3995	0.2085	0.5094	69.43	-9.99	24.29	30278.63	32882.53	19149.16	4639	0.02	0.0157	550.45	450.43	274.86	568.7				113.8601	89.2	87.4	92.3	96.4	84.4	86.9	91.5	92.3	82.7	54.1	85.3	83.8	78	88.1	97.6	81.4	1.5	3.1			
187	2019-04-01T11:56:46	0.3617	0.3983	0.2051	0.508	69.34	-11.61	22.85	27199.18	29945.18	18047.52	0.3676	0.3993	0.3993	0.2084	0.5093	69.42	-10.02	24.2	29668.8	32227.9	18807.11	4644	0.02	0.0157	548.69	441.99	274.88	568.6				111.5779	89.2	87.4	92.3	96.4	84.4	86.9	91.5	92.3	82.7	54	85.4	83.8	78	88.1	97.6	81.4	1.4	3.1			
188	2019-04-01T11:57:16	0.3615	0.3981	0.2049	0.5079	69.34	-11.67	22.78	27339.93	30115.74	18183.76	0.3673	0.3993	0.3993	0.2082	0.5092	69.42	-10.08	24.13	29823.86	32414.48	18948.86	4652	0.02	0.0157	548.69	444.22	274.72	568.5				112.1383	89.2	87.4	92.3	96.4	84.4	86.9	91.5	92.3	82.7	54	85.3	83.8	78	88.1	97.6	81.4	1.4	3.1			
189	2019-04-01T11:57:46	0.3613	0.398	0.2049	0.5079	69.33	-11.68	22.72	27224.41	29991.83	18132.72	0.3672	0.3992	0.3992	0.2082	0.5092	69.41	-10.1	24.07	29698.41	32282.7	18897.32	4654	0.02	0.0157	548.69	442.72	274.82	568.5				111.7031	89.2	87.4	92.3	96.3	84.4	86.9	91.5	92.3	82.7	54.1	85.4	83.8	78.1	88.1	97.6	81.4	1.4	3.1			
190	2019-04-01T11:58:16	0.3614	0.3981	0.2049	0.5079	69.33	-11.68	22.74	26939.34	29677.83	17933.15	0.3672	0.3992	0.3992	0.2082	0.5092	69.41	-10.1	24.1	29387.06	31944.21	18687.98	4654	0.02	0.0157	548.69	437.69	274.52	568.5				110.5056	89.2	87.4	92.3	96.4	84.4	86.9	91.5	92.3	82.7	54.1	85.4	83.8	78.1	88.1	97.6	81.4	1.4	3.1			
191	2019-04-01T11:58:46	0.3612	0.398	0.2048	0.5078	69.32	-11.7	22.67	26690.67	29408.54	17799.74	0.3671	0.3991	0.3991	0.2081	0.5091	69.4	-10.12	24.03	29116.22	31657	18549.57	4658	0.02	0.0157	550.45	433.53	274.74	568.5				109.5335	89.2	87.4	92.3	96.3	84.4	87	91.5	92.3	82.7	54.2	85.4	83.8	78.1	88.1	97.6	81.4	1.4	3.1			
192	2019-04-01T11:59:16	0.3602	0.3973	0.2044	0.5074	69.28	-11.84	22.32	25588.74	28230.07	17227.97	0.366	0.3985	0.3985	0.2077	0.5087	69.36	-10.28	23.68	27919.92	30397.58	17960.19	4684	0.02	0.0158	548.69	416.9	274.66	568.2				105.0413	89.2	87.3	92.3	96.3	84.3	86.9	91.5	92.3	82.6	53.8	85.4	83.7	78.1	88	97.6	81.3	1.4	3.1			
193	2019-04-01T11:59:46	0.3583	0.3962	0.2037	0.5067	69.19	-12.08	21.66	22429.94	24796.79	15366.56	0.3642	0.3974	0.3974	0.2069	0.508	69.28	-10.55	23.02	24482.15	26716.06	16031.3	4731	0.02	0.0159	548.69	366.9	273.98	567.7				92.1717	89.1	87.2	92.2	96.2	84.2	86.8	91.5	92.2	82.4	53.2	85.3	83.6	78.1	87.9	97.5	81.1	1.4	3.1			
194	2019-04-01T12:00:17	0.3556	0.3943	0.2026	0.5055	69.06	-12.43	20.64	18333.71	20331.75	12898.36	0.3613	0.3957	0.3957	0.2057	0.5069	69.16	-10.95	22.01	20021.64	21925.59	13468.17	4806	0.021	0.0161	548.69	301.19	273.3	566.9				75.4569	88.9	86.9	92.2	96.1	83.9	86.6	91.5	92.1	82.1	52.1	85.3	83.3	78.1	87.7	97.4	80.8	1.4	3.1			
195	2019-04-01T12:00:47	0.3514	0.3916	0.2009	0.5038	68.87	-12.98	19.17	14218.85	15846.98	10398.41	0.3571	0.3931	0.3931	0.2039	0.5052	68.98	-11.57	20.56	15541.06	17111.89	10872.94	4919	0.021	0.0164	548.69	235.34	272.7	565.4				58.6243	88.6	86.5	92	95.9	83.4	86.3	91.3	91.9	81.5	50.2	85.1	82.8	78	87.3	97.2	80.2	1.4	3.1			
196	2019-04-01T12:01:17	0.3448	0.3873	0.1982	0.501	68.56	-13.86	16.85	10459.99	11749.81	8127.87	0.3503	0.3891	0.3891	0.2011	0.5025	68.69	-12.56	18.26	11447.98	12715.42	8515.75	5111	0.017	0.017	534.52	175.76	271.48	562.6				43.3286	89	86.3	92.5	96.2	85.1	86.9	91.9	92.8	80.5	46.3	85.8	84.2	83	87.5	97.2	80.3	1.4	3.2			
197	2019-04-01T12:01:47	0.3361	0.3817	0.1946	0.4973	68.15	-15.04	13.9	7884.01	8952.28	6617.79	0.3415	0.3839	0.3839	0.1973	0.499	68.3	-13.88	15.36	8644.82	9716.18	6950.62	5386	0.018	0.0179	534.52	135.68	249.15	557				32.8503	88.4	85.4	92.1	95.6	84.2	86.3	91.6	92.4	79.4	42.4	85.4	83.2	82.7	86.7	96.8	79.2	1.4	3.5			
198	2019-04-01T12:02:17	0.3326	0.3793	0.1932	0.4957	67.97	-15.53	12.69	7153.27	8159.12	6196.76	0.3379	0.3817	0.3817	0.1958	0.4975	68.14	-14.42	14.16	7849.76	8866.09	6514.62	5509	0.018	0.0183	534.52	124.43	247.4	553.7				29.8694	88.1	85	91.9	95.4	83.8	86	91.4	92.2	78.9	40.5	85.1	82.8	82.5	86.3	96.7	78.6	1.4	3.6			
199	2019-04-01T12:02:47	0.3326	0.3793	0.1931	0.4957	67.97	-15.54	12.68	7129.06	8132.08	6176.39	0.3379	0.3817	0.3817	0.1958	0.4975	68.14	-14.43	14.16	7823.23	8836.83	6493.06	5509	0.018	0.0183	534.52	123.94	247.19	553.7				29.762	88.1	85	91.9	95.4	83.8	85.9	91.4	92.2	78.9	40.4	85.1	82.7	82.5	86.3	96.7	78.6	1.4	3.6			
200	2019-04-01T12:03:17	0.3326	0.3794	0.1932	0.4957	67.97	-15.54	12.7	7080.73	8076.73	6132.66	0.3379	0.3817	0.3817	0.1958	0.4975	68.15	-14.43	14.18	7770.14	8776.53	6447.02	5508	0.018	0.0183	534.52	123.04	247.17	553.7				29.5666	88.1	85	91.9	95.4	83.8	85.9	91.4	92.2	78.9	40.4	85.1	82.7	82.5	86.3	96.7	78.6	1.4	3.6			
201	2019-04-01T12:03:47	0.3327	0.3794	0.1932	0.4958	67.98	-15.51	12.72	7073.27	8066.22	6121.13	0.338	0.3817	0.3817	0.1958	0.4976	68.15	-14.4	14.2	7761.83	8764.81	6435.19	5504	0.018	0.0182	534.52	122.98	247.22	553.8				29.5277	88.1	85	91.9	95.4	83.8	86	91.4	92.2	78.9	40.4	85.1	82.8	82.5	86.3	96.7	78.6	1.4	3.6			
202	2019-04-01T12:04:17	0.3327	0.3794	0.1932	0.4958	67.97	-15.51	12.71	7082.24	8076.75	6130.48	0.338	0.3817	0.3817	0.1958	0.4976	68.15	-14.4	14.19	7771.62	8776.29	6444.63	5504	0.018	0.0183	534.52	123.12	247.27	553.8				29.5626	88.1	85	91.9	95.4	83.8	85.9	91.4	92.2	78.8	40.4	85.2	82.7	82.5	86.3	96.7	78.6	1.4	3.6			
203	2019-04-01T12:04:47	0.3326	0.3793	0.1932	0.4957	67.97	-15.51	12.67	7034.39	8021.98	6094.99	0.3379	0.3816	0.3816	0.1958	0.4975	68.14	-14.4	14.15	7719.25	8717.14	6407.7	5508	0.018	0.0182	534.52	122.36	247.27	553.7				29.3618	88.1	85	91.9	95.4	83.8	86	91.4	92.2	78.9	40.4	85.2	82.7	82.5	86.3	96.7	78.6	1.4	3.6			
204	2019-04-01T12:05:17	0.3327	0.3793	0.1932	0.4957	67.97	-15.49	12.69	7042	8029.54	6097.31	0.338	0.3816	0.3816	0.1958	0.4975	68.14	-14.38	14.17	7727.53	8725.07	6410.39	5505	0.018	0.0182	534.52	122.33	247.43	553.8				29.404	88.1	85	91.9	95.4	83.8	86	91.4	92.2	78.9	40.4	85.2	82.7	82.5	86.3	96.7	78.6	1.4	3.6			
205	2019-04-01T12:05:47	0.3325	0.3792	0.1932	0.4957	67.96	-15.49	12.64	7022.33	8007.14	6087.99	0.3379	0.3815	0.3815	0.1958	0.4974	68.13	-14.39	14.11	7706.03	8701.21	6400.81	5509	0.018	0.0182	534.52	122.02	247.24	553.7				29.3215	88.1	85	92	95.4	83.8	86	91.5	92.2	78.9	40.4	85.2	82.8	82.5	86.4	96.7	78.7	1.4	3.6			
206	2019-04-01T12:06:17	0.3327	0.3794	0.1932	0.4958	67.98	-15.49	12.73	7035.29	8021.9	6086.45	0.3381	0.3817	0.3817	0.1959	0.4976	68.15	-14.38	14.2	7720.1	8716.46	6398.66	5502	0.018	0.0182	534.52	122.17	247.32	553.9				29.3751	88.1	85	91.9	95.4	83.8	85.9	91.4	92.2	78.8	40.3	85.1	82.7	82.5	86.3	96.7	78.6	1.4	3.6			
207	2019-04-01T12:06:47	0.3329	0.3795	0.1933	0.4958	67.98	-15.47	12.78	7062.33	8050.98	6102.05	0.3382	0.3818	0.3818	0.1959	0.4976	68.15	-14.35	14.25	7749.65	8747.48	6415.17	5496	0.018	0.0182	534.52	122.63	247.18	554				29.4559	88.1	85	91.9	95.4	83.8	85.9	91.4	92.2	78.8	40.3	85.1	82.7	82.5	86.3	96.7	78.6	1.4	3.6			
208	2019-04-01T12:07:17	0.3329	0.3794	0.1933	0.4958	67.98	-15.47	12.76	7023.3	8006.26	6070.3	0.3382	0.3817	0.3817	0.1959	0.4976	68.15	-14.35	14.23	7706.78	8699.12	6381.87	5498	0.018	0.0182	534.52	121.92	247.14	554				29.3073	88.1	85	92	95.4	83.8	86	91.5	92.2	78.9	40.4	85.2	82.8	82.5	86.4	96.7	78.6	1.4	3.6			
209	2019-04-01T12:07:47	0.3329	0.3795	0.1933	0.4958	67.98	-15.47	12.77	7024.74	8008.08	6070.55	0.3382	0.3818	0.3818	0.1959	0.4976	68.15	-14.35	14.24	7708.41	8700.9	6382.01	5497	0.018	0.0182	534.52	121.95	247.2	554				29.3073	88.1	85	91.9	95.4	83.8	85.9	91.4	92.2	78.8	40.3	85.1	82.7	82.5	86.3	96.7	78.6	1.4	3.6			
210	2019-04-01T12:08:17	0.3327	0.3793	0.1933	0.4957	67.97	-15.45	12.69	6988.82	7966.39	6049.87	0.3381	0.3816	0.3816	0.1959	0.4975	68.14	-14.35	14.16	7669.03	8656.26	6360.62	5502	0.018	0.0182	534.52	121.31	247.46	553.8				29.1673	88.1	85	92	95.4	83.8	86	91.5	92.2	78.9	40.4	85.2	82.8	82.5	86.4	96.7	78.6	1.4	3.6			
211	2019-04-01T12:08:47	0.3326	0.3792	0.1933	0.4957	67.96	-15.46	12.66	6939.3	7910.4	6011.7	0.338	0.3815	0.3815	0.1959	0.4975	68.13	-14.36	14.13	7614.77	8595.74	6320.75	5505	0.018	0.0182	534.52	120.47	247.32	553.8				28.9646	88.1	85	92	95.4	83.8	86	91.5	92.2	78.9	40.4	85.2	82.7	82.5	86.4	96.7	78.7	1.4	3.6			
212	2019-04-01T12:09:17	0.3327	0.3792	0.1933	0.4957	67.96	-15.46	12.68	6929.61	7899.3	6000.15	0.338	0.3815	0.3815	0.1959	0.4975	68.13	-14.35	14.15	7604.24	8583.37	6308.92	5504	0.018	0.0182	534.52	120.36	247.36	553.8				28.9293	88.1	85	92	95.4	83.8	86	91.4	92.2	78.9	40.4	85.1	82.7	82.5	86.3	96.7	78.6	1.4	3.6			
213	2019-04-01T12:09:47	0.3327	0.3792	0.1933	0.4957	67.96	-15.44	12.69	6932.9	7901.9	6001.31	0.3381	0.3815	0.3815	0.1959	0.4975	68.13	-14.34	14.16	7607.68	8586.18	6309.82	5502	0.018	0.0182	534.52	120.35	247.47	553.9				28.9433	88.1	85	92	95.4	83.8	86	91.5	92.2	78.9	40.4	85.2	82.7	82.5	86.4	96.7	78.7	1.4	3.6			