;GL_SpectroSoft	3.1.07
;SPX	6.4.2(0.7.2)
Pos	Name	x2	y2	u2'	v2'	L2	a2	b2	X2	Y2	Z2	x10	y10	y10	u10'	v10'	L10	a10	b10	X10	Y10	Z10	CCT	ChErr	Duv	ColPeak	ColPeakVal	Lambda2	ColDom	LumInt	LumEff	Purity	Radiometric	Ra	R1	R2	R3	R4	R5	R6	R7	R8	R9	R10	R11	R12	R13	R14	R15	Mivis	Miuv	Binning	Brightness	Pass
										lx													K			nm		nm	nm				W/m²																					
1	2019-03-20T09:19:20	0.3591	0.4	0.2028	0.5084	69.47	-13.04	22.92	39017.7	43471.66	26178.71	0.3653	0.4012	0.4012	0.2063	0.5097	69.55	-11.34	24.34	42612.62	46798.6	27247.14	4727	0.022	0.0174	550.45	649.4	270.3	567.4				159.8701	87.9	85.8	91.3	96.1	82.6	85.3	90.3	91.7	80.5	47.5	83.3	81.6	75.9	86.5	97.4	79.4	1.6	3.1			
2	2019-03-20T09:19:50	0.359	0.4	0.2028	0.5084	69.47	-13.05	22.91	39168.27	43645.41	26287.27	0.3652	0.4012	0.4012	0.2062	0.5097	69.55	-11.36	24.33	42777.51	46986.07	27359.61	4727	0.022	0.0174	550.45	651.8	270.25	567.4				160.471	87.9	85.8	91.3	96.1	82.6	85.3	90.3	91.6	80.5	47.4	83.3	81.6	75.9	86.5	97.4	79.3	1.6	3.1			
3	2019-03-20T09:20:20	0.359	0.4	0.2028	0.5083	69.47	-13.05	22.88	39520.79	44035.06	26542.41	0.3652	0.4011	0.4011	0.2062	0.5097	69.55	-11.35	24.3	43161.84	47407.09	27625.42	4729	0.022	0.0174	550.45	657.71	270.4	567.4				161.9762	87.9	85.8	91.3	96.1	82.6	85.3	90.3	91.6	80.5	47.6	83.4	81.6	75.9	86.5	97.4	79.4	1.6	3.1			
4	2019-03-20T09:20:50	0.3589	0.4001	0.2027	0.5083	69.47	-13.09	22.9	39628.37	44170.07	26611.48	0.3652	0.4012	0.4012	0.2062	0.5097	69.55	-11.39	24.32	43281.63	47551.73	27697.14	4730	0.022	0.0174	550.45	660.17	270.22	567.3				162.3119	87.9	85.7	91.3	96	82.6	85.3	90.3	91.6	80.4	47.2	83.3	81.5	75.8	86.4	97.4	79.3	1.6	3.1			
5	2019-03-20T09:21:20	0.3589	0.4	0.2027	0.5083	69.47	-13.09	22.88	39926.61	44502.57	26823.32	0.3651	0.4011	0.4011	0.2062	0.5097	69.55	-11.39	24.3	43606.38	47911.24	27918.38	4731	0.022	0.0174	552.21	664.37	270.51	567.3				163.7966	87.9	85.8	91.3	96	82.6	85.3	90.3	91.6	80.5	47.6	83.3	81.6	75.9	86.5	97.4	79.4	1.6	3.1			
6	2019-03-20T09:21:50	0.3589	0.3999	0.2027	0.5083	69.47	-13.07	22.86	40238.85	44845.6	27046	0.3651	0.4011	0.4011	0.2062	0.5096	69.55	-11.39	24.28	43946.51	48282.35	28148.85	4731	0.022	0.0174	550.45	669.96	270.59	567.3				165.0675	87.9	85.8	91.3	96	82.6	85.3	90.3	91.6	80.5	47.6	83.4	81.6	75.9	86.5	97.4	79.4	1.6	3.1			
7	2019-03-20T09:22:20	0.3588	0.4	0.2027	0.5083	69.47	-13.09	22.86	40524.11	45168.42	27242.01	0.365	0.4011	0.4011	0.2062	0.5096	69.55	-11.39	24.27	44259.49	48628.39	28355.5	4732	0.022	0.0174	550.45	675.18	270.81	567.3				166.2816	87.9	85.8	91.3	96	82.6	85.3	90.3	91.7	80.5	47.5	83.3	81.6	75.9	86.5	97.4	79.3	1.6	3.1			
8	2019-03-20T09:22:50	0.359	0.4	0.2027	0.5083	69.47	-13.06	22.91	40968.97	45655.22	27501.61	0.3652	0.4012	0.4012	0.2062	0.5097	69.55	-11.37	24.33	44744.24	49150.93	28623.31	4728	0.022	0.0174	550.45	681.87	270.52	567.4				167.8784	87.9	85.8	91.3	96	82.6	85.3	90.3	91.6	80.5	47.4	83.3	81.6	75.9	86.5	97.4	79.3	1.6	3.1			
9	2019-03-20T09:23:20	0.3591	0.4001	0.2028	0.5084	69.48	-13.06	22.96	41300.91	46022.15	27690.84	0.3653	0.4013	0.4013	0.2063	0.5098	69.56	-11.36	24.37	45106.24	49544.48	28819.71	4726	0.022	0.0174	550.45	687.24	270.46	567.4				169.1868	87.9	85.8	91.3	96	82.6	85.3	90.3	91.6	80.5	47.5	83.3	81.6	75.9	86.5	97.4	79.3	1.6	3.1			
10	2019-03-20T09:23:50	0.3592	0.4002	0.2028	0.5084	69.48	-13.03	22.99	41541.4	46278.08	27825.78	0.3654	0.4013	0.4013	0.2063	0.5098	69.56	-11.32	24.4	45367.54	49816.51	28959.75	4722	0.022	0.0174	550.45	690.87	270.6	567.4				170.2109	87.9	85.8	91.3	96.1	82.6	85.3	90.3	91.7	80.5	47.6	83.3	81.6	75.9	86.5	97.4	79.4	1.6	3.1			
11	2019-03-20T09:24:20	0.3593	0.4002	0.2029	0.5085	69.48	-13	23.01	41792.75	46547.62	27973.42	0.3655	0.4013	0.4013	0.2064	0.5098	69.56	-11.3	24.42	45641.06	50106.54	29113.49	4720	0.022	0.0173	550.45	694.66	270.42	567.5				171.2001	87.9	85.8	91.3	96.1	82.6	85.3	90.3	91.7	80.5	47.6	83.4	81.6	75.9	86.5	97.4	79.4	1.6	3.1			
12	2019-03-20T09:24:50	0.3595	0.4002	0.203	0.5085	69.48	-12.94	23.04	41639.29	46352.17	27833.36	0.3657	0.4013	0.4013	0.2065	0.5098	69.56	-11.24	24.46	45469.02	49894.23	28965.18	4714	0.022	0.0173	550.45	691.75	270.94	567.5				170.7531	88	85.9	91.3	96.1	82.8	85.4	90.3	91.7	80.7	48.1	83.5	81.7	76	86.6	97.4	79.5	1.6	3.1			
13	2019-03-20T09:25:21	0.3229	0.2957	0.2189	0.4508	61.28	9.94	-11.8	3737.77	3422.19	4414.74	0.319	0.2956	0.2956	0.216	0.4502	61.27	8.58	-12.31	4069.49	3770.53	4915.57	6116	0.028	-0.0206	751	235.1	0	360				25.6762	80.7	75.5	87.1	93.6	74.3	76.9	87.1	87.4	63.9	3.1	75.6	73.3	71.7	77.7	95.6	63.6	2	2.8			
14	2019-03-20T09:56:52	0.3551	0.3978	0.2011	0.5069	69.31	-13.67	21.59	38435.51	43060.21	26745.89	0.3613	0.3991	0.3991	0.2045	0.5083	69.4	-12	23.01	42015.44	46408.6	27872.83	4830	0.023	0.0178	550.45	645.71	269.4	566.2				157.4985	87.4	85.1	91.1	95.8	82	84.8	90.1	91.4	79.4	44.3	83	80.9	75.5	85.9	97.2	78.4	1.5	3.1			
15	2019-03-20T09:57:23	0.3551	0.3979	0.2011	0.5069	69.32	-13.67	21.62	38950.12	43639.16	27089.15	0.3613	0.3991	0.3991	0.2045	0.5083	69.41	-12.01	23.04	42578.56	47031.39	28229.56	4830	0.023	0.0178	550.45	654.1	269.35	566.2				159.5219	87.4	85	91	95.8	81.9	84.7	90	91.4	79.4	44.2	82.9	80.9	75.5	85.9	97.2	78.3	1.6	3.1			
16	2019-03-20T09:57:52	0.3551	0.3977	0.2011	0.5068	69.31	-13.62	21.57	39059	43743.62	27180.65	0.3613	0.399	0.399	0.2046	0.5082	69.4	-11.97	23	42695.45	47145.69	28325.47	4829	0.022	0.0177	550.45	655.76	269.49	566.2				159.997	87.5	85.1	91.1	95.8	82	84.8	90.1	91.4	79.5	44.4	83	81	75.6	86	97.2	78.4	1.5	3.1			
17	2019-03-20T09:58:23	0.3552	0.3979	0.2011	0.5069	69.32	-13.65	21.61	38932.27	43611.95	27074.79	0.3614	0.3991	0.3991	0.2045	0.5083	69.4	-11.99	23.03	42558.25	47001.96	28215.41	4829	0.023	0.0178	550.45	653.26	269.45	566.2				159.4717	87.4	85.1	91	95.9	82	84.8	90.1	91.4	79.4	44.3	83	80.9	75.5	85.9	97.2	78.4	1.5	3.1			
18	2019-03-20T09:58:53	0.3551	0.3978	0.2011	0.5069	69.31	-13.66	21.59	39172.62	43884.35	27255.21	0.3613	0.3991	0.3991	0.2045	0.5083	69.4	-12	23.02	42821.71	47296.3	28404.18	4830	0.023	0.0178	550.45	657.5	269.3	566.2				160.4293	87.4	85	91	95.8	82	84.7	90.1	91.4	79.4	44.2	82.9	80.9	75.5	85.9	97.2	78.3	1.5	3.1			
19	2019-03-20T09:59:23	0.3551	0.3978	0.2011	0.5068	69.31	-13.65	21.57	39466.56	44211.07	27471.9	0.3613	0.399	0.399	0.2045	0.5082	69.4	-11.99	22.99	43142.67	47649.08	28629.47	4830	0.022	0.0178	550.45	662.9	269.3	566.2				161.6424	87.4	85	91.1	95.8	81.9	84.7	90.1	91.3	79.4	44.2	83	80.9	75.5	85.9	97.2	78.3	1.5	3.1			
20	2019-03-20T09:59:53	0.3552	0.3978	0.2011	0.5069	69.31	-13.65	21.6	39767.93	44545.85	27661.11	0.3613	0.3991	0.3991	0.2045	0.5083	69.4	-11.99	23.03	43471.02	48009.51	28825.2	4829	0.023	0.0178	550.45	667.42	269.54	566.2				162.8834	87.5	85.1	91.1	95.8	82	84.8	90.1	91.4	79.5	44.4	83	80.9	75.5	85.9	97.2	78.4	1.5	3.1			
21	2019-03-20T10:00:23	0.355	0.3978	0.2011	0.5068	69.31	-13.67	21.57	39795.7	44584.5	27707.78	0.3612	0.399	0.399	0.2045	0.5082	69.4	-12.01	22.99	43502.64	48052.83	28874.47	4832	0.023	0.0178	550.45	667.74	269.25	566.2				162.9845	87.4	85	91.1	95.8	82	84.8	90.1	91.3	79.4	44.3	83	80.9	75.5	85.9	97.2	78.3	1.5	3.1			
22	2019-03-20T10:00:53	0.355	0.3977	0.2011	0.5068	69.31	-13.67	21.56	39926.21	44732.7	27806.88	0.3612	0.399	0.399	0.2045	0.5082	69.4	-12.01	22.98	43645.65	48213.1	28978.61	4833	0.023	0.0178	550.45	670.21	269.27	566.2				163.5135	87.4	85	91.1	95.8	82	84.8	90.1	91.3	79.4	44.2	83	80.9	75.5	85.9	97.2	78.3	1.5	3.1			
23	2019-03-20T10:01:23	0.3549	0.3976	0.201	0.5068	69.3	-13.67	21.49	39760.14	44547.87	27732.8	0.361	0.3989	0.3989	0.2044	0.5082	69.39	-12.02	22.92	43464.39	48016.91	28902.68	4836	0.023	0.0178	550.45	667.65	269.39	566.1				162.8629	87.4	85.1	91.1	95.8	82	84.8	90.1	91.3	79.4	44.3	83	80.9	75.6	85.9	97.1	78.3	1.5	3.1			
24	2019-03-20T10:01:53	0.3548	0.3975	0.201	0.5067	69.29	-13.68	21.46	39378.48	44123.13	27490.79	0.361	0.3988	0.3988	0.2044	0.5081	69.38	-12.03	22.88	43047.78	47560.38	28651.6	4839	0.023	0.0178	550.45	660.99	269.35	566.1				161.3271	87.4	85.1	91.1	95.8	82	84.8	90.1	91.3	79.4	44.3	83	80.9	75.6	85.9	97.2	78.3	1.5	3.1			
25	2019-03-20T10:02:23	0.3548	0.3976	0.2009	0.5067	69.3	-13.71	21.47	39205.78	43941.27	27367.96	0.3609	0.3989	0.3989	0.2044	0.5081	69.39	-12.06	22.9	42860.21	47365.07	28521.97	4839	0.023	0.0178	550.45	658.05	269.42	566.1				160.5165	87.4	85	91.1	95.8	81.9	84.7	90.1	91.3	79.3	44	83	80.9	75.6	85.9	97.1	78.3	1.5	3.1			
26	2019-03-20T10:02:53	0.3547	0.3975	0.2009	0.5067	69.29	-13.7	21.44	39197.13	43927.53	27378.85	0.3609	0.3988	0.3988	0.2044	0.5081	69.38	-12.05	22.87	42850.97	47349.65	28535.69	4841	0.023	0.0178	550.45	658.6	269.13	566.1				160.4822	87.4	85	91	95.8	81.9	84.7	90.1	91.3	79.4	44.1	83	80.9	75.5	85.9	97.2	78.3	1.5	3.1			
27	2019-03-20T10:03:23	0.3546	0.3975	0.2009	0.5067	69.29	-13.72	21.42	39142.38	43874	27359.78	0.3608	0.3988	0.3988	0.2043	0.5081	69.38	-12.07	22.84	42791.96	47292.85	28515.98	4844	0.023	0.0178	550.45	657.86	269.26	566				160.2715	87.4	85	91	95.8	81.9	84.7	90.1	91.3	79.4	44.1	83	80.9	75.5	85.9	97.2	78.3	1.5	3.1			
28	2019-03-20T10:03:53	0.3546	0.3974	0.2009	0.5066	69.28	-13.69	21.38	39241.88	43975.5	27447.45	0.3608	0.3986	0.3986	0.2043	0.508	69.37	-12.04	22.81	42900.01	47404.2	28608.4	4844	0.023	0.0178	550.45	658.63	269.41	566				160.7108	87.4	85	91.1	95.8	81.9	84.8	90.1	91.3	79.4	44.2	83	80.9	75.6	85.9	97.1	78.3	1.5	3.1			
29	2019-03-20T10:04:23	0.3545	0.3975	0.2008	0.5066	69.29	-13.76	21.39	39204.41	43956.2	27429.18	0.3607	0.3987	0.3987	0.2043	0.5081	69.38	-12.1	22.82	42861.29	47383.77	28588.43	4846	0.023	0.0179	550.45	659.26	269.14	566				160.5006	87.4	85	91	95.8	81.9	84.7	90.1	91.3	79.3	43.9	83	80.9	75.5	85.8	97.1	78.2	1.5	3.1			
30	2019-03-20T10:04:53	0.3545	0.3975	0.2008	0.5066	69.29	-13.75	21.38	39528.19	44316.96	27657.95	0.3607	0.3987	0.3987	0.2043	0.508	69.38	-12.09	22.81	43215.41	47772.03	28827.45	4846	0.023	0.0178	550.45	664.18	269.12	566				161.8322	87.4	84.9	91	95.8	81.9	84.7	90	91.3	79.3	43.9	82.9	80.8	75.5	85.8	97.1	78.2	1.5	3.1			
31	2019-03-20T10:05:23	0.3543	0.3973	0.2008	0.5066	69.28	-13.76	21.32	39562.57	44361.77	27726.15	0.3605	0.3986	0.3986	0.2042	0.508	69.37	-12.11	22.75	43254.08	47822.96	28900.36	4850	0.023	0.0179	550.45	665.38	269.12	565.9				162.0296	87.4	84.9	91	95.8	81.9	84.7	90	91.3	79.3	43.9	83	80.8	75.5	85.8	97.1	78.2	1.5	3.1			
32	2019-03-20T10:05:53	0.3543	0.3973	0.2008	0.5065	69.28	-13.76	21.3	39741.78	44563.01	27864.37	0.3605	0.3986	0.3986	0.2042	0.5079	69.37	-12.11	22.73	43450.53	48039.91	29046.1	4852	0.023	0.0178	550.45	668.58	268.97	565.9				162.7241	87.4	84.9	91	95.8	81.9	84.7	90	91.3	79.3	43.9	82.9	80.8	75.5	85.8	97.1	78.2	1.5	3.1			
33	2019-03-20T10:06:23	0.3543	0.3973	0.2008	0.5066	69.28	-13.78	21.32	39519.53	44318.19	27700.79	0.3605	0.3986	0.3986	0.2042	0.508	69.37	-12.13	22.75	43207.84	47776.86	28874.31	4852	0.023	0.0179	550.45	664.09	269.07	565.9				161.795	87.4	84.9	91	95.8	81.9	84.7	90	91.3	79.2	43.7	82.9	80.8	75.5	85.8	97.1	78.2	1.5	3.1			
34	2019-03-20T10:06:53	0.3543	0.3973	0.2008	0.5065	69.28	-13.76	21.31	39307.86	44075.89	27554.03	0.3605	0.3986	0.3986	0.2042	0.508	69.37	-12.11	22.74	42975.51	47515.58	28720.9	4851	0.023	0.0178	550.45	660.77	269.04	565.9				160.8881	87.4	84.9	91	95.8	81.9	84.7	90.1	91.3	79.3	43.9	83	80.8	75.5	85.8	97.1	78.2	1.5	3.1			
35	2019-03-20T10:07:23	0.3542	0.3973	0.2007	0.5065	69.27	-13.78	21.29	39352.21	44131.78	27602.74	0.3604	0.3985	0.3985	0.2042	0.5079	69.37	-12.13	22.72	43025.16	47576.68	28773.35	4853	0.023	0.0179	550.45	662.21	269	565.9				161.0833	87.4	84.9	91	95.8	81.9	84.7	90.1	91.3	79.3	43.8	83	80.8	75.5	85.8	97.1	78.2	1.5	3.1			
36	2019-03-20T10:07:53	0.3542	0.3972	0.2007	0.5065	69.27	-13.77	21.27	39469.39	44260.8	27693.28	0.3604	0.3985	0.3985	0.2042	0.5079	69.36	-12.13	22.7	43152.84	47716.5	28868.13	4854	0.023	0.0179	550.45	664.04	268.9	565.9				161.5179	87.4	85	91	95.8	81.9	84.7	90.1	91.3	79.3	44	83	80.9	75.5	85.8	97.1	78.2	1.5	3.1			
37	2019-03-20T10:08:23	0.3541	0.3972	0.2007	0.5065	69.27	-13.78	21.24	39593.6	44402.92	27806.16	0.3603	0.3985	0.3985	0.2041	0.5079	69.36	-12.14	22.67	43288.54	47872	28984.55	4856	0.023	0.0178	550.45	665.81	268.75	565.9				162.0433	87.4	85	91	95.8	81.9	84.7	90.1	91.3	79.3	44	83	80.9	75.6	85.9	97.1	78.2	1.5	3.1			
38	2019-03-20T10:08:53	0.3541	0.3972	0.2007	0.5065	69.27	-13.79	21.25	39813.36	44652.23	27955.36	0.3603	0.3985	0.3985	0.2041	0.5079	69.36	-12.15	22.68	43528.86	48141.12	29138.39	4856	0.023	0.0179	550.45	669.4	268.86	565.9				162.9012	87.4	85	91	95.8	81.9	84.7	90.1	91.3	79.3	43.9	83	80.9	75.5	85.8	97.1	78.2	1.5	3.1			
39	2019-03-20T10:09:23	0.354	0.3971	0.2007	0.5064	69.26	-13.8	21.21	40019.94	44889.88	28126.8	0.3602	0.3984	0.3984	0.2041	0.5079	69.36	-12.16	22.64	43756.86	48397.79	29322.33	4858	0.023	0.0179	550.45	673.46	268.68	565.8				163.761	87.4	84.9	91	95.8	81.8	84.7	90.1	91.3	79.2	43.8	83	80.8	75.5	85.8	97.1	78.1	1.5	3.1			
40	2019-03-20T10:09:53	0.354	0.397	0.2007	0.5064	69.25	-13.77	21.17	39846.67	44683.83	28025.4	0.3602	0.3983	0.3983	0.2041	0.5078	69.35	-12.14	22.6	43565.36	48177.66	29214.61	4859	0.023	0.0178	550.45	670.41	269.15	565.8				163.0786	87.4	85	91.1	95.8	81.9	84.7	90.1	91.3	79.3	44	83.1	80.9	75.6	85.9	97.1	78.2	1.5	3.1			
41	2019-03-20T10:10:23	0.354	0.397	0.2006	0.5064	69.26	-13.8	21.18	39991.32	44858.63	28130.82	0.3601	0.3983	0.3983	0.204	0.5078	69.35	-12.16	22.61	43724.99	48365.58	29325.27	4860	0.023	0.0179	550.45	672.59	268.7	565.8				163.629	87.4	84.9	91	95.8	81.9	84.7	90.1	91.3	79.3	43.9	83	80.8	75.5	85.8	97.1	78.2	1.5	3.1			
42	2019-03-20T10:10:53	0.3539	0.3971	0.2006	0.5064	69.26	-13.83	21.17	39961.07	44835.46	28119.7	0.3601	0.3984	0.3984	0.204	0.5078	69.35	-12.19	22.6	43693.18	48341.44	29313.05	4863	0.023	0.0179	550.45	672.45	268.84	565.8				163.5026	87.3	84.9	91	95.8	81.8	84.7	90.1	91.3	79.3	43.8	83	80.8	75.5	85.8	97.1	78.1	1.5	3.1			
43	2019-03-20T10:11:24	0.3542	0.3973	0.2007	0.5065	69.28	-13.81	21.28	39752.44	44591.97	27899.55	0.3603	0.3986	0.3986	0.2041	0.5079	69.37	-12.17	22.72	43461.8	48077.31	29075.75	4856	0.023	0.0179	550.45	668.6	268.74	565.9				162.3839	87.4	85	91.1	95.7	81.8	84.7	90.1	91.2	79.3	43.8	83	80.9	75.5	85.9	97.1	78.2	1.6	3.2			
44	2019-03-20T10:11:54	0.3538	0.397	0.2006	0.5063	69.25	-13.82	21.12	39447.28	44255.95	27786.31	0.36	0.3982	0.3982	0.204	0.5078	69.34	-12.18	22.55	43132.28	47717.51	28969.32	4865	0.023	0.0179	550.45	663.97	268.62	565.8				161.3886	87.4	84.9	91	95.8	81.8	84.7	90.1	91.3	79.3	43.8	83	80.8	75.5	85.8	97.1	78.1	1.5	3.1			
45	2019-03-20T10:12:24	0.3537	0.3969	0.2005	0.5063	69.25	-13.85	21.08	39441.65	44259.47	27815.58	0.3598	0.3982	0.3982	0.2039	0.5077	69.34	-12.21	22.51	43127.37	47723.93	29000.71	4868	0.023	0.0179	550.45	663.8	268.76	565.7				161.4115	87.3	84.9	91	95.7	81.8	84.7	90.1	91.3	79.2	43.7	83	80.8	75.6	85.8	97.1	78.1	1.5	3.1			
46	2019-03-20T10:12:54	0.3537	0.3968	0.2005	0.5063	69.24	-13.84	21.06	39366.34	44172.35	27772.54	0.3598	0.3981	0.3981	0.2039	0.5077	69.34	-12.21	22.49	43044.53	47630.47	28955.62	4869	0.023	0.0179	550.45	663.17	268.48	565.7				161.0117	87.4	84.9	91	95.8	81.8	84.7	90.1	91.3	79.3	43.8	83	80.8	75.6	85.8	97.1	78.1	1.5	3.1			
47	2019-03-20T10:13:24	0.3535	0.3966	0.2005	0.5062	69.23	-13.82	20.98	39490.39	44304.8	27909.1	0.3597	0.3979	0.3979	0.2039	0.5076	69.32	-12.2	22.41	43179.93	47776.87	29100.73	4873	0.023	0.0178	550.45	664.86	268.53	565.7				161.563	87.4	85	91.1	95.8	81.9	84.7	90.1	91.3	79.3	44	83.1	80.9	75.6	85.9	97.1	78.2	1.5	3.1			
48	2019-03-20T10:13:54	0.3535	0.3967	0.2005	0.5062	69.24	-13.86	21	39552.25	44389.25	27947.53	0.3596	0.398	0.398	0.2038	0.5076	69.33	-12.23	22.43	43249.08	47866.99	29138.95	4874	0.023	0.0179	550.45	666.47	268.47	565.7				161.8083	87.3	84.9	91	95.8	81.8	84.7	90.1	91.3	79.3	43.7	83	80.8	75.5	85.8	97.1	78.1	1.5	3.1			
49	2019-03-20T10:14:24	0.3534	0.3966	0.2004	0.5061	69.23	-13.87	20.96	39603.52	44449.02	28015.95	0.3595	0.3979	0.3979	0.2038	0.5076	69.32	-12.24	22.38	43306.08	47934.54	29213.88	4876	0.023	0.0179	550.45	666.69	268.33	565.6				162.039	87.4	84.9	91	95.7	81.8	84.7	90.1	91.3	79.2	43.7	83	80.8	75.6	85.8	97.1	78.1	1.5	3.1			
50	2019-03-20T10:14:54	0.3534	0.3965	0.2004	0.5061	69.22	-13.84	20.93	39473.6	44294.74	27935.03	0.3595	0.3979	0.3979	0.2038	0.5075	69.32	-12.22	22.36	43162.95	47768.46	29129.83	4876	0.023	0.0179	550.45	664.53	268.79	565.6				161.4912	87.4	84.9	91.1	95.7	81.9	84.7	90.1	91.3	79.3	43.9	83.1	80.9	75.7	85.9	97.1	78.2	1.5	3.1			
51	2019-03-20T10:15:24	0.3533	0.3965	0.2004	0.5061	69.22	-13.84	20.89	39462.93	44283.06	27950.87	0.3594	0.3978	0.3978	0.2038	0.5075	69.31	-12.22	22.32	43151.51	47757.98	29147.8	4877	0.023	0.0178	550.45	664.57	268.35	565.6				161.4249	87.4	84.9	91.1	95.7	81.9	84.7	90.1	91.3	79.3	43.9	83.1	80.9	75.7	85.9	97.1	78.2	1.5	3.1			
52	2019-03-20T10:15:54	0.3533	0.3965	0.2004	0.5061	69.22	-13.87	20.9	39324.69	44139.89	27857.94	0.3594	0.3978	0.3978	0.2037	0.5075	69.32	-12.26	22.33	43001.11	47603.59	29048.72	4880	0.023	0.0179	550.45	662.28	268.49	565.6				160.8257	87.4	84.9	91.1	95.7	81.9	84.7	90.1	91.3	79.3	43.9	83.1	80.9	75.7	85.8	97.1	78.1	1.5	3.1			
53	2019-03-20T10:16:24	0.3532	0.3965	0.2004	0.506	69.22	-13.88	20.87	38913.46	43681.39	27584.72	0.3593	0.3978	0.3978	0.2037	0.5075	69.31	-12.26	22.3	42552.79	47109.28	28766.8	4881	0.023	0.0179	550.45	656.17	268.02	565.6				159.1711	87.4	84.9	91	95.7	81.8	84.7	90.1	91.3	79.3	43.8	83	80.9	75.7	85.8	97.1	78.1	1.5	3.1			
54	2019-03-20T10:16:54	0.3531	0.3963	0.2004	0.506	69.21	-13.85	20.82	38893.35	43647.13	27595.26	0.3593	0.3977	0.3977	0.2037	0.5074	69.3	-12.24	22.25	42528.99	47075.29	28776.85	4882	0.023	0.0178	550.45	654.99	268.29	565.6				159.1043	87.4	85	91.1	95.7	81.9	84.8	90.2	91.3	79.3	44	83.1	80.9	75.7	85.9	97.1	78.2	1.5	3.1			
55	2019-03-20T10:17:24	0.3531	0.3963	0.2003	0.506	69.21	-13.87	20.83	38344.52	43040.5	27209.06	0.3592	0.3977	0.3977	0.2037	0.5074	69.3	-12.26	22.26	41930.08	46421.24	28374.69	4884	0.023	0.0179	550.45	645.56	268.32	565.5				156.7901	87.4	84.9	91.1	95.7	81.9	84.7	90.1	91.3	79.3	43.9	83.1	80.9	75.7	85.9	97.1	78.2	1.5	3.1			
56	2019-03-20T10:17:54	0.3531	0.3963	0.2004	0.506	69.21	-13.86	20.81	38866.61	43620.54	27582.36	0.3592	0.3976	0.3976	0.2037	0.5074	69.3	-12.25	22.24	42500.55	47046.52	28765.16	4884	0.023	0.0178	548.69	654.48	268.4	565.6				158.9233	87.4	85	91.1	95.7	81.9	84.8	90.1	91.3	79.4	44	83.1	80.9	75.7	85.9	97.1	78.2	1.5	3.1			
57	2019-03-20T10:18:24	0.353	0.3962	0.2003	0.5059	69.2	-13.86	20.77	38667.78	43399.97	27472.28	0.3591	0.3976	0.3976	0.2037	0.5073	69.3	-12.26	22.2	42283.41	46810.64	28649.58	4886	0.023	0.0178	550.45	651.28	268.09	565.5				158.0885	87.4	85	91.1	95.7	81.9	84.8	90.2	91.3	79.3	44	83.1	80.9	75.7	85.9	97.1	78.2	1.5	3.1			
58	2019-03-20T10:18:54	0.3529	0.3962	0.2003	0.5059	69.2	-13.88	20.74	38639.44	43373.89	27471.12	0.359	0.3975	0.3975	0.2036	0.5073	69.29	-12.27	22.18	42253.32	46783.37	28650.4	4888	0.023	0.0179	550.45	651.54	267.81	565.5				157.9833	87.4	84.9	91.1	95.7	81.9	84.8	90.2	91.3	79.3	44	83.1	80.9	75.7	85.9	97.1	78.2	1.5	3.1			
59	2019-03-20T10:19:24	0.3529	0.3963	0.2003	0.5059	69.2	-13.9	20.77	38656.16	43401.61	27471.64	0.359	0.3976	0.3976	0.2036	0.5074	69.3	-12.29	22.2	42272.85	46813.12	28650.07	4888	0.023	0.0179	550.45	651.69	267.98	565.5				157.9959	87.4	84.9	91.1	95.7	81.8	84.7	90.1	91.3	79.2	43.7	83.1	80.9	75.7	85.8	97.1	78.1	1.5	3.1			
60	2019-03-20T10:19:54	0.3528	0.3961	0.2003	0.5058	69.19	-13.89	20.7	38799.46	43557.57	27612.51	0.3589	0.3975	0.3975	0.2036	0.5073	69.29	-12.29	22.14	42428.75	46983.8	28798.33	4891	0.023	0.0179	550.45	653.43	268.1	565.5				158.6642	87.4	85	91.1	95.7	81.9	84.8	90.2	91.3	79.4	44	83.2	80.9	75.8	85.9	97.1	78.2	1.5	3.1			
61	2019-03-20T10:20:24	0.3528	0.396	0.2003	0.5058	69.18	-13.86	20.67	38347.99	43041.49	27304.81	0.3589	0.3974	0.3974	0.2036	0.5072	69.28	-12.26	22.1	41934.7	46427.69	28479.74	4891	0.023	0.0178	550.45	645.93	267.93	565.5				156.7584	87.4	85	91.1	95.7	81.9	84.8	90.2	91.3	79.4	44.1	83.2	81	75.8	85.9	97.1	78.2	1.5	3.1			
62	2019-03-20T10:20:54	0.3528	0.3961	0.2003	0.5058	69.19	-13.89	20.69	38482.66	43200.93	27394.08	0.3589	0.3974	0.3974	0.2036	0.5073	69.28	-12.28	22.12	42083.07	46598.87	28573.79	4891	0.023	0.0179	550.45	648.34	267.88	565.5				157.2761	87.4	84.9	91.1	95.7	81.9	84.8	90.2	91.3	79.4	44	83.1	80.9	75.8	85.9	97.1	78.2	1.5	3.1			
63	2019-03-20T10:21:24	0.3527	0.3959	0.2002	0.5057	69.18	-13.88	20.62	38394.54	43100.74	27373.49	0.3588	0.3973	0.3973	0.2036	0.5072	69.27	-12.28	22.05	41986.63	46493.66	28552.24	4895	0.023	0.0178	550.45	647.13	267.78	565.4				156.927	87.4	85	91.1	95.7	81.9	84.8	90.2	91.3	79.4	44.1	83.2	81	75.8	85.9	97.1	78.2	1.5	3.1			
64	2019-03-20T10:21:54	0.3527	0.3959	0.2002	0.5057	69.18	-13.88	20.63	38304.65	42998.46	27301.15	0.3588	0.3973	0.3973	0.2036	0.5072	69.28	-12.28	22.07	41888.15	46383.06	28476.17	4893	0.023	0.0178	550.45	645.59	267.66	565.4				156.5163	87.4	85	91.1	95.7	81.9	84.8	90.2	91.3	79.3	44	83.2	81	75.8	85.9	97.1	78.2	1.5	3.1			
65	2019-03-20T10:22:24	0.3526	0.3959	0.2002	0.5057	69.17	-13.89	20.61	38407.87	43119.73	27395.83	0.3587	0.3972	0.3972	0.2035	0.5072	69.27	-12.29	22.04	42001.92	46514.87	28577	4896	0.023	0.0178	550.45	647.83	267.47	565.4				156.911	87.4	85	91.1	95.7	81.9	84.8	90.2	91.3	79.4	44.1	83.2	81	75.8	85.9	97.1	78.2	1.5	3.1			
66	2019-03-20T10:22:54	0.3527	0.396	0.2002	0.5058	69.19	-13.92	20.66	38553.23	43292.93	27472.99	0.3588	0.3974	0.3974	0.2035	0.5072	69.28	-12.32	22.09	42161.86	46700.71	28655.8	4895	0.023	0.0179	550.45	650.01	267.58	565.4				157.4547	87.4	84.9	91.1	95.7	81.9	84.7	90.2	91.3	79.3	43.8	83.1	80.9	75.8	85.8	97.1	78.1	1.5	3.1			
67	2019-03-20T10:23:24	0.3526	0.3958	0.2002	0.5057	69.17	-13.89	20.57	38436.79	43150.58	27437.16	0.3586	0.3972	0.3972	0.2035	0.5071	69.27	-12.29	22	42033.68	46550.16	28620.99	4898	0.023	0.0178	550.45	647.64	267.69	565.4				157.0326	87.4	85	91.1	95.7	81.9	84.8	90.2	91.3	79.4	44.1	83.2	81	75.9	85.9	97.1	78.2	1.5	3.1			
68	2019-03-20T10:23:54	0.3526	0.3958	0.2002	0.5057	69.17	-13.88	20.6	38298.16	42993.23	27322.11	0.3587	0.3972	0.3972	0.2035	0.5071	69.27	-12.29	22.03	41881.58	46379.07	28499.74	4896	0.023	0.0178	550.45	645.39	267.62	565.4				156.4241	87.4	85	91.1	95.7	81.9	84.8	90.2	91.3	79.4	44.1	83.2	81	75.9	85.9	97.1	78.2	1.5	3.1			
69	2019-03-20T10:24:24	0.3527	0.396	0.2002	0.5058	69.18	-13.89	20.65	38421.83	43135.23	27381.17	0.3588	0.3973	0.3973	0.2036	0.5072	69.28	-12.29	22.08	42017.31	46530.51	28560.76	4895	0.023	0.0178	550.45	647.3	267.58	565.4				156.8879	87.4	84.9	91.1	95.7	81.9	84.8	90.2	91.3	79.3	44	83.2	81	75.8	85.9	97.1	78.1	1.5	3.1			
70	2019-03-20T10:24:54	0.3528	0.396	0.2003	0.5058	69.18	-13.87	20.65	38275.38	42962.63	27266.47	0.3588	0.3973	0.3973	0.2036	0.5072	69.28	-12.27	22.09	41855.98	46344.32	28440.52	4893	0.023	0.0178	550.45	644.15	267.86	565.4				156.2555	87.4	85	91.1	95.7	81.9	84.8	90.2	91.3	79.4	44.2	83.2	81	75.9	85.9	97.1	78.2	1.5	3.1			
71	2019-03-20T10:25:24	0.3528	0.396	0.2003	0.5058	69.18	-13.85	20.66	38131.79	42795.32	27155.02	0.3589	0.3973	0.3973	0.2036	0.5072	69.28	-12.26	22.09	41698.1	46163.71	28324.41	4891	0.022	0.0178	550.45	642.45	267.27	565.5				155.663	87.5	85	91.1	95.7	82	84.8	90.2	91.3	79.4	44.2	83.3	81	75.9	85.9	97.1	78.2	1.5	3.1			
72	2019-03-20T10:25:54	0.3529	0.396	0.2003	0.5058	69.19	-13.85	20.7	38436.75	43136.57	27348.49	0.359	0.3974	0.3974	0.2037	0.5073	69.28	-12.25	22.13	42031.32	46529.34	28524.49	4889	0.022	0.0178	550.45	647.26	267.73	565.5				156.8171	87.4	85	91.1	95.7	82	84.8	90.2	91.3	79.4	44.2	83.2	81	75.9	85.9	97.1	78.2	1.5	3.1			
73	2019-03-20T10:26:24	0.3528	0.396	0.2003	0.5058	69.18	-13.86	20.67	38563.3	43281.83	27459.78	0.3589	0.3973	0.3973	0.2036	0.5072	69.28	-12.26	22.1	42169.73	46688.11	28641.28	4891	0.023	0.0178	548.69	649.6	267.41	565.5				157.3481	87.5	85	91.1	95.7	82	84.9	90.2	91.3	79.5	44.3	83.2	81	75.9	85.9	97.1	78.2	1.5	3.1			
74	2019-03-20T10:26:55	0.3526	0.3958	0.2002	0.5057	69.17	-13.87	20.58	38578.46	43305.03	27527.32	0.3587	0.3972	0.3972	0.2035	0.5071	69.27	-12.28	22.01	42188.69	46716.02	28715.1	4896	0.022	0.0178	550.45	649.91	266.24	565.4				157.2581	87.4	85	91.1	95.7	81.9	84.8	90.2	91.3	79.4	44	83.2	81	75.9	85.9	97.1	78.2	1.5	3.1			
75	2019-03-20T10:27:25	0.3525	0.3957	0.2002	0.5056	69.16	-13.89	20.53	38730.92	43483.43	27673.22	0.3585	0.3971	0.3971	0.2035	0.5071	69.26	-12.3	21.96	42356.13	46911.23	28869.2	4900	0.022	0.0178	550.45	652.48	267.1	565.4				158.0721	87.4	85	91.1	95.7	81.9	84.8	90.2	91.3	79.4	44.1	83.3	81	76	85.9	97.1	78.2	1.5	3.1			
76	2019-03-20T10:27:55	0.3525	0.3957	0.2002	0.5056	69.16	-13.87	20.54	38703.13	43442.42	27644.72	0.3586	0.3971	0.3971	0.2035	0.5071	69.26	-12.28	21.97	42324.28	46866.57	28838.4	4898	0.022	0.0178	550.45	651.15	267.69	565.4				157.966	87.5	85	91.2	95.7	82	84.9	90.3	91.3	79.5	44.3	83.3	81.1	76	86	97.1	78.2	1.5	3.1			
77	2019-03-20T10:28:25	0.3525	0.3957	0.2002	0.5056	69.16	-13.89	20.55	37926.57	42580.05	27090.48	0.3586	0.3971	0.3971	0.2035	0.5071	69.26	-12.3	21.98	41476.44	45935.88	28260.06	4900	0.023	0.0178	548.69	639.05	267.31	565.4				154.7561	87.4	85	91.1	95.7	81.9	84.8	90.2	91.3	79.4	44.1	83.2	81	75.9	85.9	97.1	78.2	1.5	3.1			
78	2019-03-20T10:28:55	0.3524	0.3956	0.2001	0.5056	69.16	-13.89	20.49	37729.2	42358.22	26981.03	0.3585	0.397	0.397	0.2035	0.507	69.26	-12.3	21.93	41260.78	45698.62	28147.43	4903	0.022	0.0178	550.45	635.32	267.44	565.3				153.9768	87.5	85	91.1	95.7	82	84.8	90.2	91.3	79.4	44.2	83.3	81	76	85.9	97.1	78.2	1.5	3.1			
79	2019-03-20T10:29:25	0.3522	0.3955	0.2001	0.5055	69.15	-13.9	20.42	37690.75	42318.57	26999.99	0.3583	0.3969	0.3969	0.2034	0.5069	69.25	-12.32	21.85	41219.56	45658.75	28169.84	4906	0.022	0.0178	550.45	634.63	267.29	565.3				153.8628	87.5	85	91.2	95.7	81.9	84.8	90.3	91.3	79.4	44.2	83.3	81	76	85.9	97	78.2	1.5	3.1			
80	2019-03-20T10:29:55	0.352	0.3953	0.2	0.5054	69.13	-13.91	20.34	37304.58	41888.58	26778.1	0.3581	0.3967	0.3967	0.2033	0.5068	69.23	-12.33	21.77	40798.18	45198.49	27941.06	4911	0.022	0.0178	548.69	628.14	267.26	565.2				152.3228	87.5	85	91.2	95.7	82	84.9	90.3	91.3	79.4	44.3	83.3	81.1	76.1	85.9	97	78.2	1.5	3.1			
81	2019-03-20T10:30:25	0.3518	0.3951	0.2	0.5053	69.12	-13.93	20.25	37138.63	41710.68	26718.91	0.3578	0.3965	0.3965	0.2032	0.5067	69.22	-12.36	21.68	40617.91	45010.08	27880.28	4918	0.022	0.0178	548.69	626.04	267.21	565.1				151.6528	87.5	85	91.2	95.7	82	84.9	90.3	91.3	79.4	44.3	83.4	81.1	76.1	85.9	97	78.2	1.5	3.1			
82	2019-03-20T10:30:55	0.352	0.3952	0.2	0.5053	69.12	-13.88	20.3	36757.96	41267.9	26405.71	0.358	0.3966	0.3966	0.2033	0.5068	69.23	-12.32	21.73	40199.58	44530.54	27551.97	4914	0.022	0.0178	548.69	618.74	266.96	565.2				150.0736	87.5	85.1	91.2	95.7	82	84.9	90.3	91.3	79.5	44.4	83.4	81.1	76.1	86	97	78.3	1.5	3.1			
83	2019-03-20T10:31:25	0.352	0.3952	0.2001	0.5053	69.12	-13.87	20.31	36935.25	41461.51	26520.91	0.3581	0.3966	0.3966	0.2034	0.5068	69.23	-12.3	21.74	40392.99	44739	27672.8	4911	0.022	0.0177	550.45	621.05	267.05	565.2				150.7716	87.5	85.1	91.2	95.7	82	84.9	90.3	91.3	79.5	44.4	83.4	81.1	76.1	86	97	78.3	1.5	3.1			
84	2019-03-20T10:31:55	0.352	0.3952	0.2001	0.5053	69.13	-13.88	20.31	36985.96	41522.68	26561.53	0.3581	0.3966	0.3966	0.2033	0.5068	69.23	-12.31	21.74	40448.81	44804.98	27715.64	4911	0.022	0.0178	548.69	621.89	267.3	565.2				151.0108	87.5	85.1	91.2	95.7	82	84.9	90.3	91.3	79.5	44.4	83.4	81.1	76.1	86	97	78.3	1.5	3.1			
85	2019-03-20T10:32:25	0.3522	0.3953	0.2001	0.5054	69.14	-13.88	20.37	37078.43	41623.68	26586.03	0.3582	0.3968	0.3968	0.2034	0.5069	69.24	-12.31	21.81	40548.71	44911.96	27737.9	4908	0.022	0.0178	548.69	623.99	267.37	565.3				151.3323	87.5	85.1	91.2	95.7	82	84.9	90.3	91.3	79.5	44.5	83.4	81.1	76.1	86	97	78.3	1.5	3.1			
86	2019-03-20T10:32:55	0.3521	0.3954	0.2001	0.5054	69.14	-13.89	20.38	37258.32	41829.73	26714.38	0.3582	0.3968	0.3968	0.2034	0.5069	69.24	-12.31	21.81	40746.57	45133.34	27872.68	4908	0.022	0.0178	548.69	627.27	267.1	565.3				152.0378	87.5	85	91.2	95.7	82	84.9	90.3	91.3	79.5	44.3	83.3	81.1	76.1	86	97	78.2	1.5	3.1			
87	2019-03-20T10:33:25	0.3522	0.3954	0.2001	0.5055	69.14	-13.9	20.4	37590.43	42207.57	26941.01	0.3582	0.3968	0.3968	0.2034	0.5069	69.24	-12.33	21.84	41109.63	45540.8	28107.04	4908	0.022	0.0178	548.69	632.77	267.34	565.3				153.4283	87.5	85	91.2	95.7	82	84.9	90.3	91.3	79.5	44.3	83.3	81.1	76.1	85.9	97	78.2	1.5	3.1			
88	2019-03-20T10:33:55	0.3522	0.3953	0.2001	0.5054	69.13	-13.87	20.37	37521.86	42119.2	26903.33	0.3582	0.3967	0.3967	0.2034	0.5069	69.24	-12.3	21.81	41033.43	45446.54	28068.65	4908	0.022	0.0178	548.69	631.27	267.35	565.3				153.1347	87.5	85.1	91.2	95.7	82	84.9	90.3	91.3	79.5	44.5	83.4	81.1	76.1	86	97	78.3	1.5	3.1			
89	2019-03-20T10:34:25	0.352	0.3953	0.2	0.5054	69.14	-13.93	20.35	37865.41	42526.29	27178.64	0.3581	0.3968	0.3968	0.2033	0.5069	69.24	-12.36	21.78	41411.53	45887.1	28356.43	4912	0.022	0.0178	548.69	637.17	267.15	565.2				154.567	87.5	85	91.2	95.7	81.9	84.9	90.3	91.3	79.5	44.4	83.3	81	76	85.9	97	78.2	1.5	3.1			
90	2019-03-20T10:34:55	0.352	0.3952	0.2	0.5053	69.13	-13.9	20.3	37378.22	41968.85	26852.11	0.358	0.3966	0.3966	0.2033	0.5068	69.23	-12.33	21.74	40878.05	45287.01	28017.27	4914	0.022	0.0178	548.69	629.35	267.09	565.2				152.5809	87.5	85	91.2	95.7	82	84.9	90.3	91.3	79.5	44.5	83.4	81.1	76.1	86	97	78.2	1.5	3.1			
91	2019-03-20T10:35:25	0.352	0.3954	0.2	0.5054	69.14	-13.92	20.36	36811.88	41341.27	26412.6	0.3581	0.3968	0.3968	0.2033	0.5069	69.24	-12.35	21.8	40259.72	44607.94	27558.28	4911	0.022	0.0178	548.69	619.53	267.05	565.2				150.198	87.4	85	91.2	95.7	81.9	84.8	90.3	91.3	79.4	44.3	83.3	81	76.1	85.9	97	78.2	1.5	3.1			
92	2019-03-20T10:35:55	0.3521	0.3953	0.2001	0.5054	69.13	-13.89	20.35	36885.08	41410.48	26462.18	0.3581	0.3967	0.3967	0.2034	0.5069	69.24	-12.31	21.79	40338.12	44682.18	27609.25	4909	0.022	0.0178	550.45	620.1	267.15	565.2				150.5171	87.5	85	91.2	95.7	82	84.9	90.3	91.3	79.5	44.4	83.4	81.1	76.1	86	97	78.2	1.5	3.1			
93	2019-03-20T10:36:25	0.3521	0.3954	0.2	0.5054	69.14	-13.92	20.37	36452.37	40935.48	26150.21	0.3581	0.3968	0.3968	0.2033	0.5069	69.24	-12.34	21.8	39866.3	44169.09	27284.43	4911	0.022	0.0178	548.69	613.64	266.92	565.2				148.7672	87.5	85	91.1	95.7	81.9	84.8	90.3	91.3	79.5	44.3	83.3	81	76	85.9	97	78.2	1.5	3.1			
94	2019-03-20T10:36:55	0.3518	0.3952	0.1999	0.5053	69.13	-13.95	20.29	36513.4	41015.47	26250.89	0.3579	0.3966	0.3966	0.2032	0.5068	69.23	-12.38	21.72	39934.54	44259.67	27390.79	4917	0.023	0.0178	548.69	614.71	267.26	565.1				149.0484	87.4	84.9	91.1	95.6	81.9	84.8	90.3	91.3	79.4	44.2	83.3	81	76.1	85.9	97	78.1	1.5	3.1			
95	2019-03-20T10:37:25	0.3516	0.395	0.1999	0.5052	69.11	-13.96	20.19	36204.25	40673.56	26091.31	0.3576	0.3964	0.3964	0.2031	0.5067	69.22	-12.4	21.62	39597.4	43894.5	27227.1	4923	0.022	0.0178	548.69	609.01	267.23	565.1				147.8516	87.5	85	91.2	95.6	81.9	84.9	90.3	91.3	79.5	44.4	83.4	81	76.1	85.9	97	78.2	1.5	3.1			
96	2019-03-20T10:37:55	0.3516	0.3949	0.1999	0.5052	69.11	-13.95	20.16	36268.43	40741.13	26148.91	0.3576	0.3964	0.3964	0.2031	0.5066	69.21	-12.39	21.6	39666.98	43968.72	27286.93	4923	0.022	0.0178	548.69	610.6	266.99	565.1				148.0817	87.5	85	91.2	95.6	81.9	84.9	90.3	91.3	79.5	44.4	83.4	81	76.1	85.9	97	78.2	1.5	3.1			
97	2019-03-20T10:38:25	0.3518	0.3949	0.2	0.5052	69.11	-13.89	20.19	36198.79	40642.84	26067.97	0.3578	0.3964	0.3964	0.2033	0.5067	69.21	-12.33	21.63	39588.41	43860.59	27202.66	4919	0.022	0.0177	548.69	608.68	267.29	565.1				147.7999	87.5	85.1	91.2	95.7	82	84.9	90.4	91.3	79.6	44.7	83.5	81.1	76.2	86	97	78.3	1.5	3.1			
98	2019-03-20T10:38:55	0.3519	0.395	0.2001	0.5053	69.11	-13.86	20.25	36091.44	40510.11	25946.27	0.358	0.3965	0.3965	0.2033	0.5067	69.22	-12.3	21.69	39469.17	43715.3	27074.05	4914	0.022	0.0177	548.69	606.9	266.99	565.2				147.3052	87.6	85.1	91.2	95.7	82	85	90.4	91.3	79.7	44.9	83.5	81.2	76.2	86	97	78.3	1.5	3.2			
99	2019-03-20T10:39:25	0.3519	0.3951	0.2	0.5053	69.12	-13.92	20.27	36323.41	40791.81	26118.69	0.3579	0.3966	0.3966	0.2033	0.5068	69.22	-12.36	21.7	39725.41	44019.21	27254.05	4917	0.022	0.0178	548.69	611.12	266.95	565.2				148.3429	87.5	85	91.2	95.6	82	84.9	90.3	91.3	79.6	44.6	83.4	81.1	76.1	86	97	78.2	1.5	3.1			
100	2019-03-20T10:39:55	0.3518	0.3951	0.2	0.5053	69.12	-13.92	20.26	36253.57	40713.75	26074.43	0.3579	0.3966	0.3966	0.2033	0.5067	69.22	-12.36	21.69	39649.07	43934.95	27207.78	4917	0.022	0.0178	548.69	609.65	267.23	565.2				148.0281	87.5	85	91.2	95.7	82	84.9	90.3	91.3	79.6	44.6	83.4	81.1	76.2	85.9	97	78.2	1.5	3.1			
101	2019-03-20T10:40:25	0.352	0.3954	0.2	0.5054	69.14	-13.93	20.36	36248.05	40710.17	26011.29	0.3581	0.3968	0.3968	0.2033	0.5069	69.24	-12.36	21.8	39642.44	43927.18	27138.74	4911	0.022	0.0178	550.45	609.44	267.1	565.2				147.9143	87.5	85	91.2	95.6	81.9	84.9	90.3	91.3	79.5	44.6	83.4	81	76.1	85.9	97	78.2	1.5	3.1			
102	2019-03-20T10:40:56	0.3523	0.3956	0.2001	0.5055	69.15	-13.91	20.46	35896.7	40308.81	25697.32	0.3583	0.397	0.397	0.2034	0.507	69.25	-12.34	21.9	39256.19	43491.32	26806.07	4906	0.023	0.0178	548.69	603.75	266.79	565.3				146.4071	87.5	85	91.2	95.7	81.9	84.9	90.3	91.3	79.6	44.6	83.4	81.1	76.1	85.9	97	78.2	1.5	3.2			
103	2019-03-20T10:41:26	0.352	0.3953	0.2	0.5054	69.13	-13.92	20.33	35097.64	39415.12	25200.68	0.358	0.3967	0.3967	0.2033	0.5068	69.23	-12.35	21.77	38384.07	42530.59	26293.47	4914	0.022	0.0178	548.69	590.15	267.2	565.2				143.2875	87.5	85	91.2	95.7	82	84.9	90.3	91.3	79.6	44.7	83.4	81.1	76.1	85.9	97	78.2	1.5	3.1			
104	2019-03-20T10:41:56	0.3517	0.3952	0.1999	0.5053	69.13	-13.98	20.26	34190.94	38415.91	24600.81	0.3578	0.3966	0.3966	0.2032	0.5068	69.23	-12.41	21.7	37395.06	41455.81	25669.29	4921	0.023	0.0179	548.69	575.08	267.02	565.1				139.5769	87.4	84.9	91.1	95.6	81.9	84.8	90.3	91.3	79.5	44.5	83.3	81	76.1	85.9	97	78.1	1.5	3.1			
105	2019-03-20T10:42:26	0.3515	0.3951	0.1998	0.5052	69.12	-14.01	20.2	33124.85	37229.26	23876.45	0.3576	0.3965	0.3965	0.2031	0.5067	69.22	-12.45	21.64	36230.34	40177.93	24914.47	4927	0.023	0.0179	548.69	557.58	266.82	565				135.2791	87.4	84.9	91.1	95.6	81.9	84.8	90.3	91.3	79.5	44.5	83.3	81	76.1	85.9	97	78.1	1.5	3.1			
106	2019-03-20T10:42:56	0.3517	0.3952	0.1998	0.5053	69.12	-13.99	20.24	33939.78	38138.06	24437.2	0.3577	0.3966	0.3966	0.2031	0.5067	69.23	-12.43	21.68	37120.35	41157.66	25497.67	4923	0.023	0.0179	548.69	570.52	267.13	565.1				138.5959	87.4	84.9	91.1	95.6	81.9	84.8	90.3	91.3	79.5	44.5	83.4	81	76.1	85.9	97	78.1	1.5	3.1			
107	2019-03-20T10:43:26	0.352	0.3954	0.2	0.5054	69.14	-13.95	20.36	35710.05	40111.54	25627.27	0.3581	0.3968	0.3968	0.2033	0.5069	69.24	-12.38	21.8	39053.89	43281.84	26735.86	4914	0.023	0.0179	548.69	600.76	266.96	565.2				145.761	87.5	85	91.1	95.6	81.9	84.8	90.3	91.3	79.6	44.7	83.3	81	76.1	85.9	97	78.2	1.5	3.1			
108	2019-03-20T10:43:56	0.3519	0.3952	0.2	0.5053	69.13	-13.93	20.29	36204.01	40660.08	26021.71	0.3579	0.3967	0.3967	0.2033	0.5068	69.23	-12.37	21.73	39593.23	43876.83	27147.88	4915	0.022	0.0178	548.69	607.93	267.09	565.2				147.8025	87.5	85	91.2	95.6	82	84.9	90.3	91.3	79.6	44.9	83.4	81.1	76.1	86	97	78.2	1.5	3.1			
109	2019-03-20T10:44:26	0.3517	0.3951	0.1999	0.5053	69.12	-13.94	20.23	35442.51	39809.5	25511.26	0.3578	0.3965	0.3965	0.2032	0.5067	69.22	-12.38	21.67	38762.22	42960.91	26618.99	4919	0.022	0.0178	548.69	595.73	267.67	565.1				144.7697	87.5	85	91.2	95.6	81.9	84.9	90.3	91.3	79.6	44.7	83.4	81.1	76.2	85.9	97	78.2	1.5	3.1			
110	2019-03-20T10:44:56	0.3516	0.3951	0.1998	0.5052	69.12	-14	20.22	35242.62	39607	25390.61	0.3576	0.3966	0.3966	0.2031	0.5067	69.23	-12.45	21.66	38545.08	42744.38	26490.81	4924	0.023	0.0179	548.69	592.85	266.97	565				143.8899	87.4	84.9	91.1	95.6	81.9	84.8	90.3	91.3	79.6	44.6	83.4	81	76.1	85.9	97	78.1	1.5	3.1			
111	2019-03-20T10:45:26	0.3514	0.3949	0.1998	0.5051	69.11	-13.99	20.13	35098.61	39442.13	25336.15	0.3574	0.3964	0.3964	0.203	0.5066	69.21	-12.44	21.57	38388.13	42568.82	26438.09	4929	0.023	0.0179	548.69	590.94	266.9	565				143.3846	87.5	85	91.2	95.6	81.9	84.9	90.3	91.3	79.6	44.7	83.4	81	76.1	85.9	97	78.2	1.5	3.1			
112	2019-03-20T10:45:56	0.3513	0.3947	0.1998	0.505	69.09	-13.97	20.04	35414.83	39791.43	25613.13	0.3573	0.3962	0.3962	0.203	0.5065	69.2	-12.43	21.48	38733.68	42949.02	26729.4	4933	0.022	0.0178	550.45	595.53	267.16	565				144.7453	87.5	85	91.2	95.6	81.9	84.9	90.3	91.3	79.7	45	83.5	81.1	76.2	86	97	78.3	1.5	3.1			
113	2019-03-20T10:46:26	0.3511	0.3946	0.1997	0.505	69.08	-13.99	20	35235.76	39597.71	25510.79	0.3572	0.3961	0.3961	0.203	0.5065	69.19	-12.45	21.44	38538.56	42741.79	26621.97	4936	0.022	0.0178	548.69	592.53	267.27	564.9				144.0459	87.5	85	91.2	95.6	81.9	84.9	90.3	91.3	79.7	44.9	83.5	81.1	76.2	85.9	97	78.2	1.5	3.1			
114	2019-03-20T10:46:56	0.3511	0.3947	0.1996	0.505	69.09	-14.04	20	35128.13	39493.29	25441.05	0.3571	0.3962	0.3962	0.2029	0.5065	69.2	-12.5	21.44	38423.42	42628.8	26551.84	4939	0.023	0.0179	548.69	591.39	266.95	564.9				143.6534	87.4	84.9	91.1	95.6	81.9	84.8	90.3	91.3	79.6	44.7	83.4	81	76.1	85.9	97	78.1	1.5	3.1			
115	2019-03-20T10:47:26	0.3508	0.3944	0.1995	0.5048	69.07	-14.05	19.87	34486.37	38775.65	25056.36	0.3568	0.3959	0.3959	0.2028	0.5063	69.18	-12.52	21.31	37722.37	41858.91	26152.96	4946	0.023	0.0179	546.92	580.57	267.22	564.8				141.0272	87.5	84.9	91.2	95.6	81.9	84.9	90.3	91.3	79.6	44.7	83.4	81	76.2	85.9	97	78.2	1.5	3.1			
116	2019-03-20T10:47:56	0.3526	0.3955	0.2003	0.5055	69.14	-13.77	20.48	32291.23	36215.97	23072.86	0.3586	0.3969	0.3969	0.2036	0.507	69.25	-12.2	21.92	35307.62	39072.58	24070.47	4895	0.022	0.0177	548.69	541.79	267.85	565.4				131.8967	87.6	85.2	91.2	95.7	82.1	85	90.4	91.4	79.9	45.7	83.5	81.3	76.3	86.1	97.1	78.5	1.5	3.1			
117	2019-03-20T10:48:26	0.3507	0.3943	0.1995	0.5048	69.06	-14.05	19.83	33483.17	37647.51	24349.13	0.3567	0.3958	0.3958	0.2028	0.5063	69.17	-12.52	21.27	36624.78	40643.13	25414.81	4948	0.023	0.0179	550.45	563.3	267.26	564.7				136.9876	87.5	84.9	91.2	95.6	81.9	84.9	90.3	91.3	79.6	44.9	83.5	81	76.2	85.9	96.9	78.2	1.5	3.1			
118	2019-03-20T10:48:56	0.3508	0.3943	0.1996	0.5048	69.06	-14.03	19.85	33486.05	37643.49	24334.39	0.3568	0.3958	0.3958	0.2028	0.5063	69.17	-12.5	21.3	36626.61	40638.2	25397.96	4946	0.022	0.0178	546.92	563.8	267.14	564.8				136.9404	87.5	85	91.2	95.6	81.9	84.9	90.4	91.3	79.7	45	83.5	81	76.2	85.9	96.9	78.2	1.5	3.1			
119	2019-03-20T10:49:26	0.3508	0.3944	0.1996	0.5048	69.07	-14.05	19.88	33397.15	37549.58	24257.27	0.3568	0.3959	0.3959	0.2028	0.5063	69.18	-12.51	21.32	36530.44	40535.48	25318.74	4945	0.023	0.0179	548.69	562.32	267	564.8				136.5714	87.5	84.9	91.2	95.6	81.9	84.9	90.3	91.3	79.7	44.9	83.5	81	76.2	85.9	96.9	78.2	1.5	3.1			
120	2019-03-20T10:49:56	0.3508	0.3944	0.1995	0.5048	69.07	-14.05	19.87	33135.74	37256.98	24073.04	0.3568	0.3959	0.3959	0.2028	0.5063	69.18	-12.52	21.32	36244.22	40219.83	25125.2	4946	0.023	0.0179	548.69	557.92	267	564.8				135.5136	87.5	84.9	91.2	95.6	81.9	84.9	90.3	91.3	79.7	44.9	83.5	81	76.2	85.9	96.9	78.2	1.5	3.1			
121	2019-03-20T10:50:26	0.3507	0.3945	0.1995	0.5049	69.07	-14.1	19.89	33904.31	38135.22	24632.95	0.3567	0.396	0.396	0.2027	0.5064	69.18	-12.56	21.33	37085.94	41168.3	25708.39	4948	0.023	0.0179	548.69	571.29	266.82	564.7				138.5992	87.4	84.9	91.1	95.6	81.9	84.8	90.3	91.3	79.7	44.9	83.4	81	76.2	85.9	97	78.2	1.5	3.1			
122	2019-03-20T10:50:56	0.351	0.3946	0.1996	0.5049	69.08	-14.02	19.97	34632.54	38929.99	25096.73	0.357	0.3961	0.3961	0.2029	0.5064	69.19	-12.49	21.42	37879.7	42022.43	26190.8	4939	0.023	0.0179	548.69	582.57	267.11	564.9				141.5971	87.5	85	91.2	95.6	81.9	84.9	90.3	91.3	79.7	45	83.5	81	76.2	85.9	97	78.2	1.5	3.1			
123	2019-03-20T10:51:26	0.3509	0.3945	0.1996	0.5049	69.08	-14.04	19.94	34691.04	39000.9	25162.04	0.3569	0.396	0.396	0.2028	0.5064	69.19	-12.51	21.38	37944.02	42100.91	26259.71	4943	0.023	0.0179	546.92	583.08	267.19	564.8				141.8691	87.5	85	91.2	95.6	81.9	84.9	90.3	91.3	79.8	45.2	83.5	81	76.2	85.9	97	78.2	1.5	3.1			
124	2019-03-20T10:51:56	0.3509	0.3946	0.1996	0.5049	69.08	-14.06	19.94	34375.39	38653.73	24934.42	0.3569	0.3961	0.3961	0.2028	0.5064	69.19	-12.53	21.39	37599.57	41725.63	26021.23	4943	0.023	0.0179	548.69	578.41	267.08	564.8				140.5824	87.5	84.9	91.2	95.6	81.9	84.9	90.3	91.3	79.7	45	83.4	81	76.2	85.9	97	78.2	1.5	3.1			
125	2019-03-20T10:52:26	0.3508	0.3945	0.1995	0.5049	69.08	-14.09	19.9	34217.45	38483.85	24848.67	0.3568	0.396	0.396	0.2028	0.5064	69.19	-12.55	21.35	37427.68	41544.46	25932.66	4948	0.023	0.0179	548.69	576.12	266.8	564.7				139.9412	87.5	84.9	91.2	95.6	81.9	84.9	90.3	91.3	79.7	45	83.4	81	76.2	85.9	97	78.2	1.5	3.1			
126	2019-03-20T10:52:56	0.3508	0.3945	0.1995	0.5049	69.08	-14.08	19.9	34496.61	38797.32	25054.14	0.3568	0.396	0.396	0.2028	0.5064	69.18	-12.55	21.34	37733.5	41882.58	26148.44	4948	0.023	0.0179	548.69	581.17	266.92	564.7				141.0964	87.5	84.9	91.1	95.6	81.9	84.9	90.3	91.3	79.7	45	83.4	81	76.2	85.9	97	78.2	1.5	3.1			
127	2019-03-20T10:53:26	0.3506	0.3944	0.1995	0.5048	69.07	-14.1	19.85	34559.74	38875.35	25128.92	0.3566	0.3959	0.3959	0.2027	0.5063	69.18	-12.57	21.3	37803.34	41968.65	26226.84	4950	0.023	0.0179	548.69	581.74	266.95	564.7				141.3101	87.4	84.9	91.1	95.6	81.8	84.8	90.3	91.3	79.7	44.9	83.4	81	76.2	85.9	96.9	78.1	1.5	3.1			
128	2019-03-20T10:53:56	0.3506	0.3943	0.1994	0.5048	69.06	-14.11	19.82	34273.11	38554.27	24940.01	0.3566	0.3959	0.3959	0.2027	0.5063	69.17	-12.58	21.27	37489.92	41623.45	26030.29	4953	0.023	0.0179	548.69	576.75	266.35	564.7				140.1218	87.5	84.9	91.2	95.6	81.9	84.9	90.3	91.3	79.7	45.1	83.5	81	76.2	85.9	96.9	78.2	1.5	3.1			
129	2019-03-20T10:54:27	0.3506	0.3945	0.1994	0.5048	69.07	-14.13	19.86	34010.59	38264.89	24732.43	0.3566	0.396	0.396	0.2027	0.5063	69.18	-12.59	21.31	37203.37	41309.72	25812.99	4953	0.023	0.018	546.92	572.79	266.43	564.7				139.0809	87.4	84.9	91.1	95.6	81.8	84.8	90.3	91.3	79.7	45	83.4	81	76.2	85.8	96.9	78.1	1.5	3.1			
130	2019-03-20T10:54:56	0.3505	0.3943	0.1994	0.5047	69.06	-14.1	19.79	33359.8	37524.74	24290.63	0.3565	0.3958	0.3958	0.2027	0.5062	69.17	-12.58	21.24	36490.7	40513.23	25353.1	4953	0.023	0.0179	548.69	561.62	266.29	564.7				136.4373	87.5	84.9	91.2	95.5	81.9	84.9	90.3	91.3	79.7	45.1	83.5	81	76.2	85.9	96.9	78.2	1.5	3.1			
131	2019-03-20T10:55:27	0.3505	0.3944	0.1994	0.5048	69.07	-14.14	19.85	33317.04	37488.68	24236.65	0.3566	0.396	0.396	0.2026	0.5063	69.18	-12.61	21.3	36444.79	40472.62	25294.94	4953	0.023	0.018	539.85	561.16	266.64	564.7				136.2307	87.4	84.9	91.1	95.6	81.8	84.8	90.3	91.3	79.7	45	83.4	80.9	76.1	85.8	96.9	78.1	1.5	3.1			
132	2019-03-20T10:55:57	0.3506	0.3944	0.1995	0.5048	69.07	-14.09	19.83	33268.43	37417.93	24198.07	0.3566	0.3959	0.3959	0.2027	0.5063	69.18	-12.57	21.29	36389.38	40397.1	25254.13	4950	0.023	0.0179	548.69	560.05	266.31	564.7				136.0267	87.5	85	91.2	95.5	81.9	84.9	90.3	91.3	79.8	45.3	83.5	81	76.3	85.9	96.9	78.2	1.5	3.1			
133	2019-03-20T10:56:28	0.3504	0.3942	0.1994	0.5047	69.06	-14.11	19.76	33436.31	37613.17	24364.64	0.3564	0.3958	0.3958	0.2026	0.5062	69.17	-12.59	21.21	36574.36	40610.16	25431.08	4956	0.023	0.0179	546.92	562.77	266.31	564.6				136.7728	87.5	85	91.2	95.6	81.9	84.9	90.3	91.3	79.8	45.4	83.5	81	76.3	85.9	96.9	78.2	1.5	3.1			
134	2019-03-20T10:56:57	0.3506	0.3942	0.1995	0.5047	69.06	-14.07	19.79	33645.12	37835.11	24489.15	0.3566	0.3958	0.3958	0.2027	0.5062	69.17	-12.55	21.25	36800.55	40848.91	25557.78	4953	0.023	0.0179	548.69	565.73	267.05	564.7				137.6016	87.5	85	91.2	95.6	81.9	85	90.4	91.3	79.9	45.6	83.6	81.1	76.3	86	96.9	78.3	1.5	3.1			
135	2019-03-20T10:57:27	0.3504	0.394	0.1994	0.5046	69.04	-14.07	19.7	33697.23	37894.82	24580.96	0.3564	0.3956	0.3956	0.2026	0.5061	69.15	-12.56	21.15	36858.49	40916.34	25657.27	4957	0.023	0.0178	539.85	566.51	266.75	564.6				137.8203	87.5	85	91.2	95.6	81.9	85	90.4	91.3	79.9	45.6	83.6	81.1	76.3	86	96.9	78.3	1.5	3.1			
136	2019-03-20T10:57:57	0.3503	0.3939	0.1994	0.5046	69.04	-14.06	19.66	33789.21	37997.19	24668.65	0.3563	0.3955	0.3955	0.2026	0.5061	69.15	-12.56	21.11	36959.07	41028.25	25750.12	4959	0.022	0.0178	539.85	568.11	266.24	564.6				138.1503	87.6	85.1	91.2	95.6	82	85	90.4	91.4	80	45.7	83.6	81.1	76.4	86	96.9	78.4	1.5	3.1			
137	2019-03-20T10:58:27	0.3503	0.394	0.1994	0.5046	69.04	-14.08	19.66	33651.89	37846.82	24569.61	0.3563	0.3955	0.3955	0.2026	0.5061	69.15	-12.57	21.12	36809.23	40865.92	25645.94	4959	0.023	0.0178	539.85	565.95	266.72	564.6				137.5987	87.6	85	91.2	95.6	81.9	85	90.4	91.3	79.9	45.6	83.6	81.1	76.4	86	96.9	78.3	1.5	3.1			
138	2019-03-20T10:58:57	0.3504	0.394	0.1994	0.5046	69.04	-14.06	19.69	33237.96	37376.94	24251.56	0.3563	0.3956	0.3956	0.2026	0.5061	69.15	-12.56	21.14	36355.4	40358.52	25312.32	4957	0.023	0.0178	539.85	558.56	266.59	564.6				135.8759	87.6	85.1	91.2	95.5	82	85	90.4	91.3	80	45.8	83.7	81.1	76.4	86	96.9	78.4	1.5	3.1			
139	2019-03-20T10:59:27	0.3504	0.3941	0.1994	0.5046	69.04	-14.07	19.72	33185.18	37318.72	24198.1	0.3564	0.3956	0.3956	0.2026	0.5061	69.16	-12.56	21.17	36298.3	40294.36	25258.68	4956	0.023	0.0179	546.92	558.23	266.03	564.6				135.6925	87.6	85.1	91.2	95.6	82	85	90.4	91.4	80	45.8	83.6	81.1	76.4	86	96.9	78.4	1.5	3.1			
140	2019-03-20T10:59:57	0.3504	0.3941	0.1994	0.5047	69.05	-14.08	19.73	33754.14	37963.76	24608.49	0.3564	0.3957	0.3957	0.2026	0.5062	69.16	-12.57	21.19	36920.57	40990.25	25684.15	4956	0.023	0.0179	546.92	567.58	265.99	564.6				137.9349	87.5	85	91.2	95.5	81.9	85	90.4	91.3	79.9	45.7	83.6	81.1	76.3	86	96.9	78.3	1.5	3.1			
141	2019-03-20T11:00:27	0.3504	0.394	0.1995	0.5046	69.04	-14.06	19.71	34173.06	38425.76	24917.56	0.3564	0.3956	0.3956	0.2027	0.5061	69.16	-12.55	21.17	37378.02	41489.54	26008.37	4955	0.022	0.0178	539.85	574.61	266.27	564.7				139.6412	87.6	85.1	91.2	95.6	82	85	90.4	91.4	80	45.9	83.6	81.2	76.4	86	96.9	78.4	1.5	3.1			
142	2019-03-20T11:00:57	0.3499	0.3938	0.1992	0.5045	69.03	-14.15	19.56	33254.79	37425.07	24354.2	0.3559	0.3954	0.3954	0.2024	0.506	69.14	-12.65	21.02	36378.07	40415.58	25423.32	4970	0.023	0.0179	546.92	559.8	265.43	564.4				135.9152	87.5	85	91.2	95.5	81.9	84.9	90.4	91.3	79.9	45.5	83.6	81	76.4	85.9	96.9	78.3	1.5	3.1			
143	2019-03-20T11:01:27	0.3497	0.3936	0.1992	0.5043	69.01	-14.16	19.45	32646.31	36743.85	23968.82	0.3556	0.3952	0.3952	0.2023	0.5059	69.12	-12.67	20.91	35713.32	39683.58	25023.04	4977	0.023	0.0179	539.85	550.07	264.89	564.4				133.4563	87.5	85	91.2	95.5	81.9	85	90.4	91.3	79.9	45.6	83.6	81.1	76.4	85.9	96.9	78.3	1.5	3.1			
144	2019-03-20T11:01:57	0.3498	0.3936	0.1992	0.5044	69.01	-14.13	19.49	32707.43	36801.47	23984.65	0.3558	0.3952	0.3952	0.2024	0.5059	69.13	-12.63	20.95	35779.06	39743.96	25040.5	4973	0.023	0.0179	539.85	550.68	265.12	564.4				133.7007	87.6	85	91.2	95.5	81.9	85	90.4	91.4	80	45.8	83.6	81.1	76.4	86	96.9	78.4	1.5	3.1			
145	2019-03-20T11:02:27	0.35	0.3938	0.1993	0.5045	69.02	-14.12	19.57	33411.88	37591.34	24458.16	0.356	0.3954	0.3954	0.2025	0.506	69.14	-12.62	21.02	36549.11	40594.43	25531.85	4968	0.023	0.0179	534.52	562.59	264.82	564.5				136.523	87.5	85	91.2	95.5	81.9	85	90.4	91.3	79.9	45.6	83.6	81.1	76.4	85.9	96.9	78.3	1.5	3.1			
146	2019-03-20T11:02:57	0.3501	0.3938	0.1994	0.5045	69.02	-14.08	19.58	33008.67	37124.13	24145.43	0.3561	0.3954	0.3954	0.2025	0.506	69.14	-12.58	21.04	36106.24	40089.65	25205.57	4964	0.022	0.0178	539.85	555.69	264.97	564.5				134.8269	87.6	85.1	91.3	95.5	82	85	90.5	91.4	80	45.9	83.7	81.2	76.5	86	96.9	78.4	1.5	3.1			
147	2019-03-20T11:03:27	0.3499	0.3938	0.1992	0.5045	69.03	-14.15	19.56	32698.92	36799.98	23950.27	0.3559	0.3954	0.3954	0.2024	0.506	69.14	-12.65	21.01	35770.12	39741.13	25002.54	4970	0.023	0.0179	534.52	550.73	265.03	564.4				133.5699	87.5	85	91.2	95.5	81.9	85	90.4	91.3	79.9	45.7	83.6	81.1	76.4	85.9	96.9	78.3	1.5	3.1			
148	2019-03-20T11:03:57	0.3498	0.3935	0.1993	0.5043	69	-14.08	19.44	32592.23	36657.71	23919.8	0.3558	0.3951	0.3951	0.2024	0.5058	69.12	-12.6	20.9	35651.31	39591.29	24971.88	4973	0.022	0.0178	534.52	548.39	265.18	564.4				133.1493	87.6	85.1	91.3	95.5	82	85.1	90.5	91.4	80.1	46	83.8	81.2	76.5	86	96.9	78.5	1.5	3.1			
149	2019-03-20T11:04:27	0.3497	0.3935	0.1992	0.5043	69.01	-14.13	19.45	32670.21	36762.17	23984.99	0.3557	0.3951	0.3951	0.2024	0.5058	69.12	-12.64	20.9	35738.86	39703.66	25042.38	4975	0.023	0.0179	534.52	550.2	264.76	564.4				133.4683	87.6	85.1	91.2	95.5	82	85	90.4	91.4	80	45.9	83.7	81.1	76.5	86	96.9	78.4	1.5	3.1			
150	2019-03-20T11:04:57	0.3497	0.3934	0.1992	0.5043	69	-14.11	19.4	32692.12	36779.51	24020.99	0.3556	0.395	0.395	0.2024	0.5058	69.11	-12.63	20.86	35762.11	39723.97	25078.77	4977	0.022	0.0178	534.52	550.88	263.91	564.4				133.513	87.6	85.1	91.3	95.5	82	85	90.5	91.4	80	45.9	83.7	81.2	76.5	86	96.9	78.4	1.5	3.1			
151	2019-03-20T11:05:27	0.3496	0.3934	0.1992	0.5042	69	-14.12	19.39	33015.65	37147.45	24266.54	0.3556	0.395	0.395	0.2023	0.5058	69.11	-12.64	20.85	36116.33	40122.74	25335.41	4977	0.022	0.0178	534.52	556.23	264.16	564.4				134.8231	87.6	85.1	91.3	95.5	82	85	90.5	91.3	80	45.9	83.8	81.2	76.5	86	96.9	78.4	1.5	3.1			
152	2019-03-20T11:05:57	0.3497	0.3933	0.1992	0.5042	68.99	-14.08	19.36	32901.32	37005.37	24189.54	0.3556	0.3949	0.3949	0.2024	0.5057	69.1	-12.6	20.82	35989.93	39969.79	25255.85	4977	0.022	0.0178	534.52	553.97	264.17	564.4				134.3373	87.6	85.2	91.3	95.5	82	85.1	90.5	91.4	80.1	46.2	83.8	81.2	76.6	86.1	96.9	78.5	1.5	3.1			
153	2019-03-20T11:06:27	0.3496	0.3934	0.1992	0.5042	68.99	-14.13	19.37	32807.05	36916.42	24126.7	0.3555	0.395	0.395	0.2023	0.5058	69.11	-12.65	20.83	35889.02	39874.18	25190.94	4980	0.023	0.0179	534.52	552.72	263.03	564.3				133.9242	87.6	85.1	91.3	95.5	82	85	90.5	91.3	80	45.9	83.8	81.2	76.6	86	96.9	78.4	1.5	3.1			
154	2019-03-20T11:06:57	0.3496	0.3933	0.1992	0.5042	68.99	-14.11	19.35	32676.38	36762.06	24038.76	0.3555	0.3949	0.3949	0.2023	0.5057	69.1	-12.63	20.81	35745.17	39708.58	25098.99	4979	0.022	0.0178	534.52	550.79	263.15	564.3				133.3738	87.6	85.1	91.3	95.5	82	85.1	90.6	91.3	80	46	83.8	81.2	76.6	86.1	96.9	78.5	1.5	3.1			
155	2019-03-20T11:07:27	0.3495	0.3931	0.1992	0.5041	68.98	-14.09	19.29	32273.07	36303.73	23770.38	0.3554	0.3948	0.3948	0.2023	0.5056	69.09	-12.62	20.75	35303.75	39215.25	24819.64	4981	0.022	0.0178	534.52	543.96	263.21	564.3				131.7264	87.6	85.2	91.3	95.5	82	85.1	90.6	91.3	80.1	46.1	83.9	81.2	76.7	86.1	96.9	78.5	1.5	3.1			
156	2019-03-20T11:07:57	0.3495	0.3932	0.1992	0.5042	68.98	-14.1	19.33	32123.28	36136.55	23639.37	0.3555	0.3949	0.3949	0.2023	0.5057	69.1	-12.62	20.79	35139.91	39032.94	24681.82	4980	0.022	0.0178	534.52	541.34	262.96	564.3				131.0731	87.6	85.1	91.3	95.5	82	85.1	90.6	91.4	80.1	46.1	83.8	81.2	76.6	86	96.9	78.5	1.5	3.1			
157	2019-03-20T11:08:27	0.3495	0.3931	0.1992	0.5041	68.98	-14.1	19.28	32049.88	36054.26	23609.63	0.3554	0.3948	0.3948	0.2023	0.5056	69.09	-12.63	20.74	35059.81	38946.14	24652.52	4982	0.022	0.0178	534.52	540.27	262.54	564.3				130.784	87.7	85.2	91.3	95.5	82.1	85.1	90.6	91.4	80.1	46.2	83.9	81.3	76.7	86.1	96.9	78.5	1.5	3.1			
158	2019-03-20T11:08:57	0.3495	0.393	0.1992	0.5041	68.97	-14.07	19.26	32054.25	36052.48	23620.33	0.3554	0.3947	0.3947	0.2023	0.5056	69.09	-12.61	20.72	35064.09	38945.07	24664.59	4982	0.022	0.0178	534.52	540.2	262.98	564.3				130.7749	87.7	85.2	91.3	95.5	82.1	85.2	90.6	91.4	80.2	46.3	83.9	81.3	76.7	86.1	96.9	78.6	1.5	3.1			
159	2019-03-20T11:09:27	0.3493	0.393	0.1991	0.504	68.96	-14.08	19.22	31872.87	35851.52	23512.22	0.3552	0.3946	0.3946	0.2023	0.5056	69.08	-12.63	20.68	34866.07	38729.94	24551.62	4985	0.022	0.0178	534.52	537.19	262.39	564.3				130.0128	87.7	85.2	91.4	95.4	82.1	85.2	90.6	91.3	80.1	46.2	84	81.3	76.8	86.1	96.9	78.6	1.5	3.1			
160	2019-03-20T11:09:58	0.3495	0.393	0.1992	0.504	68.97	-14.04	19.25	31888.57	35857.59	23500.28	0.3554	0.3946	0.3946	0.2024	0.5056	69.09	-12.59	20.71	34881.82	38735.13	24538.15	4981	0.022	0.0177	534.52	537.11	262.37	564.3				130.0247	87.7	85.3	91.4	95.5	82.1	85.2	90.7	91.3	80.2	46.3	84	81.3	76.8	86.2	96.9	78.6	1.5	3.1			
161	2019-03-20T11:10:28	0.3494	0.3928	0.1992	0.504	68.95	-14.02	19.19	31998.83	35974.65	23608.81	0.3553	0.3945	0.3945	0.2023	0.5055	69.07	-12.57	20.65	35002.16	38863.6	24653.33	4983	0.022	0.0177	534.52	538.86	262.56	564.3				130.5115	87.7	85.3	91.4	95.5	82.1	85.2	90.7	91.4	80.2	46.5	84	81.4	76.8	86.2	96.9	78.7	1.5	3.1			
162	2019-03-20T11:10:58	0.3495	0.3929	0.1993	0.504	68.96	-14	19.23	31711.06	35643.88	23367.9	0.3554	0.3946	0.3946	0.2024	0.5056	69.08	-12.55	20.69	34686.27	38505.11	24401.06	4979	0.022	0.0177	534.52	534.22	261.19	564.4				129.2935	87.8	85.3	91.4	95.5	82.2	85.3	90.7	91.4	80.2	46.6	84.1	81.4	76.9	86.2	96.9	78.7	1.5	3.1			
163	2019-03-20T11:11:28	0.3496	0.393	0.1993	0.5041	68.96	-14.01	19.25	31347.18	35239.19	23091.15	0.3554	0.3946	0.3946	0.2024	0.5056	69.08	-12.56	20.71	34289.05	38067.36	24111.83	4979	0.022	0.0177	534.52	527.91	261.83	564.4				127.7258	87.7	85.3	91.4	95.4	82.1	85.3	90.7	91.3	80.2	46.4	84	81.4	76.9	86.2	96.9	78.7	1.5	3.1			
164	2019-03-20T11:11:58	0.3495	0.3928	0.1993	0.504	68.95	-13.97	19.19	31092.49	34940.53	22925.68	0.3554	0.3944	0.3944	0.2024	0.5055	69.07	-12.52	20.65	34009.45	37746.33	23940.87	4979	0.022	0.0176	534.52	523.27	261.65	564.4				126.7357	87.8	85.4	91.4	95.4	82.2	85.3	90.8	91.4	80.2	46.6	84.1	81.5	76.9	86.3	96.9	78.7	1.5	3.1			
165	2019-03-20T11:12:28	0.3495	0.3928	0.1993	0.504	68.96	-13.98	19.22	31248.24	35117.49	23030.37	0.3554	0.3945	0.3945	0.2024	0.5055	69.08	-12.53	20.68	34180	37936.89	24049.79	4978	0.022	0.0176	534.52	525.87	261.5	564.4				127.3234	87.8	85.4	91.4	95.4	82.2	85.3	90.8	91.3	80.2	46.5	84.1	81.4	76.9	86.2	96.9	78.7	1.5	3.1			
166	2019-03-20T11:12:58	0.3494	0.3927	0.1993	0.5039	68.95	-13.98	19.17	30955.07	34790.38	22837.8	0.3553	0.3944	0.3944	0.2024	0.5055	69.07	-12.54	20.63	33859.92	37584.6	23849.56	4981	0.022	0.0176	534.52	521.29	260.77	564.4				126.1435	87.8	85.4	91.4	95.4	82.2	85.3	90.8	91.4	80.2	46.5	84.1	81.5	76.9	86.2	96.9	78.7	1.5	3.1			
167	2019-03-20T11:13:28	0.3494	0.3927	0.1993	0.5039	68.94	-13.99	19.14	31040.39	34888.99	22921.75	0.3552	0.3943	0.3943	0.2024	0.5054	69.06	-12.55	20.6	33953.69	37692.86	23937.93	4984	0.022	0.0176	534.52	523.09	260.99	564.3				126.5043	87.8	85.4	91.4	95.4	82.2	85.3	90.8	91.4	80.2	46.5	84.1	81.5	76.9	86.3	96.9	78.7	1.5	3.1			
168	2019-03-20T11:13:58	0.3493	0.3926	0.1993	0.5039	68.94	-13.97	19.11	30541.66	34321.54	22563.42	0.3552	0.3943	0.3943	0.2024	0.5054	69.06	-12.53	20.57	33407.37	37080.65	23563.51	4984	0.022	0.0176	534.52	514.47	260.53	564.3				124.4371	87.8	85.4	91.5	95.4	82.2	85.3	90.8	91.4	80.2	46.6	84.2	81.5	77	86.3	96.9	78.8	1.5	3.1			
169	2019-03-20T11:14:28	0.3493	0.3925	0.1993	0.5038	68.93	-13.96	19.09	29889.6	33586.93	22088.5	0.3552	0.3942	0.3942	0.2024	0.5054	69.05	-12.52	20.55	32694.31	36287.19	23069.6	4985	0.022	0.0176	534.52	503.11	261.38	564.3				121.8052	87.8	85.4	91.5	95.4	82.3	85.4	90.8	91.4	80.3	46.7	84.2	81.5	77	86.3	96.9	78.8	1.4	3.1			
170	2019-03-20T11:14:58	0.3494	0.3925	0.1993	0.5038	68.93	-13.93	19.09	29738.13	33409.81	21974.44	0.3552	0.3942	0.3942	0.2024	0.5054	69.05	-12.5	20.55	32527.78	36096.4	22950.43	4984	0.022	0.0176	534.52	500.14	261.55	564.3				121.2056	87.8	85.5	91.5	95.4	82.3	85.4	90.9	91.4	80.3	46.9	84.2	81.6	77.1	86.3	96.9	78.9	1.4	3.1			
171	2019-03-20T11:15:28	0.3493	0.3924	0.1993	0.5038	68.92	-13.93	19.05	29568.19	33216.8	21865.51	0.3551	0.3941	0.3941	0.2024	0.5053	69.05	-12.5	20.51	32342.13	35888.61	22838.49	4985	0.022	0.0175	534.52	497.72	261	564.3				120.5269	87.8	85.5	91.5	95.4	82.3	85.4	90.9	91.4	80.3	46.9	84.3	81.6	77.1	86.4	96.9	78.9	1.4	3.1			
172	2019-03-20T11:15:58	0.3494	0.3924	0.1994	0.5038	68.92	-13.89	19.07	29692.65	33346.88	21942.14	0.3552	0.3941	0.3941	0.2025	0.5053	69.05	-12.47	20.53	32476.86	36028.61	22916.31	4982	0.022	0.0175	534.52	499.5	261.44	564.4				120.9361	87.9	85.5	91.5	95.4	82.3	85.4	90.9	91.4	80.3	46.9	84.3	81.6	77.1	86.4	96.9	78.9	1.4	3.1			
173	2019-03-20T11:16:28	0.3494	0.3924	0.1994	0.5038	68.93	-13.89	19.08	29965.24	33652.85	22139.32	0.3553	0.3941	0.3941	0.2025	0.5054	69.05	-12.47	20.54	32774.89	36359.41	23122.83	4981	0.022	0.0175	534.52	504.04	261.27	564.4				122.0744	87.9	85.5	91.5	95.4	82.3	85.5	90.9	91.4	80.4	47	84.4	81.7	77.2	86.4	96.9	78.9	1.4	3.1			
174	2019-03-20T11:16:58	0.3494	0.3924	0.1994	0.5038	68.92	-13.89	19.06	30046.11	33742.89	22205.36	0.3552	0.3941	0.3941	0.2025	0.5053	69.05	-12.47	20.52	32863.18	36457.23	23191.5	4982	0.022	0.0175	534.52	505.51	261.31	564.4				122.4054	87.9	85.6	91.6	95.4	82.4	85.5	90.9	91.4	80.4	47	84.4	81.7	77.2	86.4	96.9	78.9	1.4	3.1			
175	2019-03-20T11:17:28	0.3494	0.3923	0.1994	0.5038	68.92	-13.89	19.05	29798.67	33464.39	22029.62	0.3552	0.394	0.394	0.2024	0.5053	69.04	-12.46	20.51	32592.86	36156.81	23008.88	4982	0.022	0.0175	534.52	501.19	260.95	564.4				121.3805	87.9	85.5	91.6	95.4	82.3	85.5	90.9	91.4	80.3	47	84.4	81.7	77.2	86.4	96.9	78.9	1.4	3.1			
176	2019-03-20T11:17:58	0.3494	0.3924	0.1994	0.5038	68.93	-13.9	19.08	29841.88	33515.77	22044.69	0.3553	0.3941	0.3941	0.2025	0.5054	69.05	-12.47	20.55	32639.79	36211.41	23022.6	4981	0.022	0.0175	534.52	502.16	260.56	564.4				121.5143	87.9	85.5	91.5	95.4	82.4	85.5	90.9	91.4	80.4	47	84.4	81.7	77.2	86.4	96.9	78.9	1.4	3.1			
177	2019-03-20T11:18:28	0.3495	0.3925	0.1994	0.5039	68.93	-13.89	19.11	29725.14	33383.9	21944.72	0.3553	0.3942	0.3942	0.2025	0.5054	69.05	-12.47	20.57	32511.87	36068.15	22917.63	4980	0.022	0.0175	534.52	499.93	261.1	564.4				121.0261	87.9	85.5	91.5	95.4	82.4	85.5	90.9	91.4	80.4	47	84.3	81.7	77.1	86.4	96.9	78.9	1.4	3.1			
178	2019-03-20T11:18:58	0.3494	0.3924	0.1994	0.5038	68.93	-13.88	19.08	29962.45	33646.12	22134.7	0.3553	0.3941	0.3941	0.2025	0.5054	69.05	-12.46	20.54	32771.25	36352.46	23116.26	4981	0.022	0.0175	534.52	504.04	260.75	564.4				121.9803	87.9	85.6	91.6	95.4	82.4	85.5	91	91.4	80.4	47	84.4	81.7	77.2	86.4	96.9	79	1.4	3.1			
179	2019-03-20T11:19:28	0.3495	0.3924	0.1995	0.5038	68.92	-13.84	19.08	30315.07	34032.38	22384.89	0.3554	0.3941	0.3941	0.2025	0.5054	69.05	-12.43	20.55	33155.94	36769.9	23378.26	4978	0.022	0.0174	534.52	509.61	260.67	564.4				123.3651	87.9	85.6	91.6	95.4	82.4	85.5	91	91.4	80.4	47.1	84.5	81.8	77.2	86.5	96.9	79	1.4	3.1			
180	2019-03-20T11:19:58	0.3495	0.3924	0.1995	0.5038	68.92	-13.85	19.09	30972.5	34771.18	22868.44	0.3554	0.3941	0.3941	0.2025	0.5054	69.05	-12.43	20.55	33874.83	37567.55	23882.7	4978	0.022	0.0174	534.52	520.48	261.55	564.4				126.1002	87.9	85.6	91.6	95.4	82.4	85.5	91	91.4	80.4	47.2	84.4	81.8	77.2	86.5	96.9	79	1.4	3.1			
181	2019-03-20T11:20:28	0.3496	0.3923	0.1995	0.5038	68.92	-13.81	19.07	31760.96	35644.92	23452.88	0.3554	0.394	0.394	0.2026	0.5053	69.04	-12.39	20.53	34736.12	38512.15	24493.88	4977	0.022	0.0174	534.52	533.92	260.72	564.5				129.3219	88	85.7	91.6	95.4	82.5	85.6	91	91.4	80.5	47.3	84.5	81.8	77.3	86.5	96.9	79.1	1.4	3.1			
182	2019-03-20T11:20:58	0.3497	0.3924	0.1996	0.5038	68.92	-13.76	19.11	31587.47	35435.58	23292.49	0.3556	0.3941	0.3941	0.2027	0.5054	69.04	-12.35	20.57	34544.1	38285.12	24325.64	4970	0.022	0.0173	534.52	530.72	261.41	564.6				128.58	88	85.8	91.7	95.4	82.5	85.7	91.1	91.4	80.5	47.6	84.6	81.9	77.4	86.6	96.9	79.2	1.4	3.1			
183	2019-03-20T11:21:28	0.3497	0.3923	0.1996	0.5038	68.92	-13.77	19.09	30972.15	34748.64	22854.09	0.3555	0.394	0.394	0.2026	0.5053	69.04	-12.36	20.55	33871.72	37543.59	23868.24	4973	0.022	0.0174	534.52	520.72	261.06	564.5				126.1055	88	85.7	91.7	95.4	82.5	85.7	91.1	91.4	80.6	47.7	84.6	81.9	77.4	86.6	96.9	79.2	1.4	3.1			
184	2019-03-20T11:21:58	0.3495	0.3921	0.1996	0.5037	68.9	-13.75	18.99	29913.83	33556.22	22115.32	0.3553	0.3938	0.3938	0.2026	0.5052	69.03	-12.35	20.46	32713.85	36258.09	23099.27	4977	0.022	0.0173	534.52	503.14	260.89	564.5				121.8151	88.1	85.8	91.7	95.4	82.6	85.7	91.1	91.4	80.7	48	84.7	82	77.5	86.7	96.9	79.3	1.4	3.1			
185	2019-03-20T11:22:28	0.3494	0.3919	0.1996	0.5036	68.89	-13.73	18.93	28895.28	32408.95	21389.45	0.3552	0.3937	0.3937	0.2026	0.5052	69.02	-12.34	20.39	31599.66	35020.42	22342.49	4980	0.022	0.0173	534.52	485.93	260.99	564.5				117.6896	88.1	85.9	91.7	95.4	82.7	85.8	91.2	91.5	80.8	48.2	84.7	82.1	77.5	86.7	96.9	79.4	1.4	3.1			
186	2019-03-20T11:22:59	0.3494	0.392	0.1995	0.5036	68.89	-13.74	18.94	28292.54	31735.05	20939.01	0.3552	0.3937	0.3937	0.2026	0.5052	69.02	-12.35	20.4	30940.8	34291.17	21872.66	4980	0.022	0.0173	534.52	476.33	260.56	564.5				115.202	88.1	85.9	91.7	95.5	82.7	85.8	91.2	91.5	80.8	48.3	84.7	82.1	77.5	86.7	96.9	79.4	1.4	3.1			
187	2019-03-20T11:23:29	0.3495	0.3919	0.1996	0.5036	68.89	-13.7	18.93	28065.71	31469.89	20770.07	0.3553	0.3936	0.3936	0.2026	0.5051	69.01	-12.31	20.39	30691.47	34005.19	21696.22	4978	0.022	0.0172	534.52	471.95	260.61	564.5				114.2857	88.2	85.9	91.8	95.5	82.7	85.8	91.2	91.5	80.9	48.5	84.8	82.1	77.6	86.8	96.9	79.4	1.4	3.1			
188	2019-03-20T11:23:59	0.3493	0.3917	0.1996	0.5035	68.87	-13.69	18.83	28093.5	31500.3	20835.27	0.355	0.3934	0.3934	0.2026	0.505	69	-12.32	20.29	30722.17	34040.87	21766.68	4983	0.022	0.0172	534.52	472.72	260.27	564.4				114.412	88.2	86	91.8	95.5	82.8	85.9	91.2	91.5	80.9	48.7	84.8	82.2	77.6	86.8	96.9	79.5	1.4	3.1			
189	2019-03-20T11:24:29	0.3488	0.3912	0.1994	0.5032	68.84	-13.74	18.62	27179.55	30487.56	20262.62	0.3545	0.393	0.393	0.2024	0.5048	68.97	-12.37	20.09	29724.84	32953.12	21172.31	4998	0.022	0.0172	534.52	457.56	260.58	564.2				110.7782	88.2	86	91.8	95.4	82.8	85.9	91.3	91.5	80.9	48.7	84.9	82.2	77.7	86.8	96.9	79.5	1.4	3.1			
190	2019-03-20T11:24:59	0.348	0.3905	0.1992	0.5028	68.79	-13.77	18.3	23935.74	26858.06	17979.98	0.3537	0.3923	0.3923	0.2021	0.5044	68.92	-12.42	19.76	26180.51	29037.56	18795.96	5019	0.017	0.0172	534.52	403.36	260.44	563.9				97.677	89.1	86.4	92.4	96.1	85.2	87	92	92.8	80.8	47.5	85.9	84.4	83	87.5	97.2	80.4	1.4	3.1			
191	2019-03-20T11:25:29	0.3475	0.3899	0.199	0.5025	68.75	-13.75	18.05	19252.01	21600.46	14544.49	0.3532	0.3917	0.3917	0.202	0.5041	68.88	-12.41	19.5	21059.35	23357.27	15210.69	5032	0.017	0.0171	534.52	324.55	260.61	563.8				78.6663	89.1	86.4	92.5	96.1	85.2	87	92	92.8	80.8	47.4	86	84.4	83.1	87.5	97.2	80.4	1.4	3.2			
192	2019-03-20T11:25:59	0.3468	0.389	0.1989	0.502	68.68	-13.71	17.65	14200.93	15928.97	10822.8	0.3524	0.3908	0.3908	0.2018	0.5035	68.81	-12.39	19.08	15535.92	17229	11326.13	5054	0.017	0.017	534.52	239.25	261.54	563.5				58.1562	89.1	86.4	92.5	96.1	85.3	87.1	92	92.9	80.8	47.4	86	84.5	83.2	87.6	97.2	80.5	1.4	3.2			
193	2019-03-20T11:26:29	0.3446	0.3867	0.1983	0.5007	68.51	-13.72	16.64	9392.58	10538.97	7325.57	0.3501	0.3885	0.3885	0.2011	0.5022	68.64	-12.44	18.04	10279.68	11407.35	7677.45	5116	0.016	0.0168	534.52	158.01	263.37	562.5				38.6285	89.1	86.4	92.6	96.1	85.3	87.1	92.1	92.9	80.6	46.8	86.1	84.4	83.4	87.6	97.2	80.5	1.3	3.2			
194	2019-03-20T11:26:59	0.34	0.3821	0.1969	0.498	68.18	-13.87	14.62	6186.02	6953.18	5056.71	0.3452	0.384	0.384	0.1996	0.4996	68.32	-12.68	15.99	6776.27	7538.03	5313.7	5259	0.016	0.0165	534.52	104.16	252.4	560				25.6433	89.1	86.3	92.6	96	85.2	87.1	92.2	92.8	80.3	45.4	86.2	84.3	83.7	87.5	97.1	80.4	1.3	3.4			
195	2019-03-20T11:27:29	0.3375	0.3797	0.1962	0.4966	68	-13.96	13.55	5344.26	6013.51	4478.45	0.3426	0.3817	0.3817	0.1988	0.4982	68.15	-12.83	14.92	5857.03	6525.05	4712.09	5339	0.016	0.0165	534.52	90.13	251.62	558.2				22.2432	89	86.2	92.7	96	85.1	87	92.2	92.7	80.1	44.5	86.3	84.1	83.9	87.5	97.1	80.3	1.3	3.4			
196	2019-03-20T11:27:59	0.3375	0.3797	0.1962	0.4966	68	-13.95	13.54	5302.29	5965.45	4444.19	0.3426	0.3817	0.3817	0.1988	0.4982	68.14	-12.81	14.9	5810.95	6472.86	4676.06	5339	0.016	0.0164	534.52	89.57	251.75	558.2				22.0813	89	86.2	92.7	96	85.1	87	92.2	92.8	80.1	44.6	86.3	84.1	83.9	87.5	97.1	80.3	1.3	3.4			
197	2019-03-20T11:28:29	0.3373	0.3795	0.1961	0.4965	67.99	-13.95	13.47	5275.58	5935.9	4429.12	0.3425	0.3815	0.3815	0.1987	0.4981	68.13	-12.82	14.83	5781.88	6441.23	4660.76	5345	0.016	0.0164	534.52	89.05	251.89	558.1				21.9729	89	86.2	92.7	96	85.1	87	92.2	92.8	80.1	44.6	86.3	84.2	83.9	87.5	97.1	80.3	1.3	3.4			
198	2019-03-20T11:28:59	0.3373	0.3795	0.1961	0.4965	67.98	-13.94	13.47	5260.16	5917.61	4414.87	0.3425	0.3815	0.3815	0.1988	0.4981	68.13	-12.8	14.83	5764.94	6421.24	4645.88	5342	0.016	0.0164	534.52	88.83	251.76	558.2				21.9103	89	86.2	92.7	96	85.1	87	92.2	92.8	80.1	44.6	86.3	84.1	83.9	87.5	97.1	80.3	1.3	3.4			
199	2019-03-20T11:29:29	0.3374	0.3796	0.1962	0.4965	67.99	-13.93	13.49	5245.16	5900.31	4399.98	0.3426	0.3815	0.3815	0.1988	0.4981	68.13	-12.79	14.85	5748.44	6402.36	4630.16	5341	0.016	0.0164	534.52	88.51	251.87	558.2				21.8472	89	86.2	92.7	96	85.1	87	92.2	92.8	80.1	44.6	86.3	84.2	83.9	87.5	97.1	80.3	1.3	3.4			
200	2019-03-20T11:29:59	0.3374	0.3795	0.1962	0.4965	67.99	-13.93	13.48	5218.55	5870.26	4378.3	0.3425	0.3815	0.3815	0.1988	0.4981	68.13	-12.79	14.85	5719.27	6369.79	4607.3	5342	0.016	0.0164	534.52	87.96	252.19	558.2				21.7354	89	86.2	92.7	96	85.1	87.1	92.2	92.8	80.1	44.6	86.3	84.2	83.9	87.5	97.1	80.3	1.3	3.4			
201	2019-03-20T11:30:29	0.3374	0.3795	0.1961	0.4965	67.99	-13.94	13.48	5211.97	5863.56	4373.45	0.3425	0.3815	0.3815	0.1988	0.4981	68.13	-12.81	14.85	5712.09	6362.59	4602.02	5342	0.016	0.0164	534.52	88.06	251.6	558.2				21.7092	89	86.2	92.7	96	85.1	87	92.2	92.8	80.1	44.6	86.3	84.1	83.9	87.5	97.1	80.3	1.3	3.4			
202	2019-03-20T11:30:59	0.3373	0.3795	0.1961	0.4965	67.99	-13.94	13.47	5184.53	5832.7	4351.47	0.3425	0.3815	0.3815	0.1988	0.4981	68.13	-12.8	14.83	5682.1	6329.09	4579.2	5344	0.016	0.0164	534.52	87.49	251.86	558.2				21.5926	89	86.2	92.7	96	85.1	87	92.2	92.8	80.1	44.6	86.3	84.2	83.9	87.5	97.1	80.3	1.3	3.4			
203	2019-03-20T11:31:29	0.3373	0.3794	0.1961	0.4964	67.98	-13.93	13.42	5158.06	5802.54	4333.61	0.3424	0.3814	0.3814	0.1987	0.498	68.12	-12.8	14.78	5653.13	6296.67	4560.67	5346	0.016	0.0164	534.52	86.99	251.72	558.1				21.4881	89	86.2	92.7	96	85.1	87.1	92.2	92.8	80.1	44.6	86.3	84.2	84	87.5	97.1	80.3	1.3	3.4			
204	2019-03-20T11:31:59	0.3373	0.3795	0.1961	0.4965	67.98	-13.95	13.45	5142.5	5786	4319.13	0.3424	0.3814	0.3814	0.1987	0.4981	68.13	-12.82	14.81	5636.16	6278.65	4545.32	5346	0.016	0.0164	534.52	86.79	251.76	558.1				21.4215	89	86.2	92.7	96	85.1	87	92.2	92.7	80.1	44.5	86.3	84.1	83.9	87.5	97.1	80.3	1.3	3.4			
205	2019-03-20T11:32:29	0.3372	0.3795	0.1961	0.4965	67.98	-13.96	13.44	5118.72	5759.5	4299.83	0.3424	0.3814	0.3814	0.1987	0.4981	68.13	-12.82	14.8	5610.12	6249.95	4525.11	5346	0.016	0.0164	534.52	86.39	251.86	558.1				21.3309	89	86.2	92.7	96	85.1	87	92.2	92.7	80.1	44.5	86.3	84.1	83.9	87.5	97.1	80.3	1.3	3.4			
206	2019-03-20T11:33:00	0.3375	0.3796	0.1962	0.4966	67.99	-13.92	13.52	5151.03	5794.07	4318.22	0.3426	0.3816	0.3816	0.1988	0.4982	68.14	-12.78	14.88	5645.28	6286.86	4544.06	5339	0.016	0.0164	534.52	86.79	251.66	558.3				21.4504	89	86.2	92.7	96	85.1	87	92.2	92.8	80.1	44.5	86.3	84.1	83.9	87.5	97.1	80.3	1.3	3.4			
207	2019-03-20T11:33:29	0.3376	0.3797	0.1963	0.4966	68	-13.91	13.58	5161.43	5805.05	4320.66	0.3428	0.3817	0.3817	0.1989	0.4982	68.15	-12.77	14.94	5656.5	6298.5	4546.26	5334	0.016	0.0164	534.52	87.03	251.74	558.4				21.4841	89	86.2	92.7	96	85.1	87	92.2	92.7	80.1	44.5	86.3	84.1	83.9	87.5	97.1	80.3	1.3	3.4			
208	2019-03-20T11:33:59	0.3376	0.3798	0.1962	0.4966	68	-13.93	13.58	5139.3	5780.97	4302.33	0.3428	0.3817	0.3817	0.1989	0.4982	68.15	-12.78	14.94	5632.36	6272.32	4527.13	5334	0.016	0.0164	534.52	86.69	251.7	558.4				21.3978	89	86.2	92.7	96	85.1	87	92.2	92.7	80	44.4	86.2	84.1	83.9	87.5	97.1	80.3	1.3	3.4			
209	2019-03-20T11:34:29	0.3374	0.3796	0.1962	0.4965	67.99	-13.93	13.5	5087.52	5723.17	4267.31	0.3426	0.3815	0.3815	0.1988	0.4981	68.13	-12.79	14.86	5575.79	6210.03	4490.73	5341	0.016	0.0164	534.52	85.83	251.66	558.2				21.1912	89	86.2	92.7	96	85.1	87	92.2	92.7	80.1	44.4	86.3	84.1	83.9	87.5	97.1	80.3	1.3	3.4			
210	2019-03-20T11:34:59	0.3375	0.3797	0.1962	0.4966	68	-13.94	13.56	5091.63	5727.89	4265	0.3427	0.3817	0.3817	0.1988	0.4982	68.14	-12.79	14.92	5580.22	6214.83	4487.9	5336	0.016	0.0164	534.52	85.83	251.78	558.3				21.1976	89	86.1	92.7	96	85.1	87	92.2	92.7	80	44.3	86.2	84.1	83.9	87.5	97.1	80.2	1.3	3.4			
211	2019-03-20T11:35:29	0.3379	0.3799	0.1963	0.4968	68.02	-13.9	13.67	5150.46	5792.14	4301.92	0.343	0.3819	0.3819	0.199	0.4984	68.16	-12.75	15.03	5644.35	6283.83	4526.49	5326	0.016	0.0164	534.52	86.85	251.82	558.5				21.4354	89	86.2	92.7	96	85.1	87	92.2	92.8	80.1	44.5	86.2	84.1	83.9	87.5	97.1	80.3	1.3	3.4			
212	2019-03-20T11:35:59	0.338	0.3801	0.1964	0.4969	68.03	-13.9	13.75	5165.46	5808.98	4307.35	0.3432	0.3821	0.3821	0.199	0.4985	68.17	-12.74	15.1	5660.67	6301.67	4531.77	5321	0.016	0.0164	534.52	87	252.17	558.7				21.4967	89	86.2	92.7	96	85.1	87	92.1	92.7	80	44.4	86.2	84.1	83.8	87.5	97.1	80.2	1.3	3.4			
213	2019-03-20T11:36:29	0.3384	0.3805	0.1965	0.4971	68.06	-13.88	13.91	5233.99	5884.83	4347.4	0.3436	0.3824	0.3824	0.1991	0.4987	68.2	-12.71	15.27	5735.41	6383	4573	5308	0.016	0.0164	534.52	88.14	252.14	559				21.7667	89	86.1	92.6	96	85.1	87	92.1	92.7	80	44.3	86.2	84.1	83.8	87.5	97.1	80.2	1.3	3.4			
214	2019-03-20T11:36:59	0.3382	0.3803	0.1964	0.497	68.04	-13.9	13.82	5174.12	5818.3	4307.02	0.3434	0.3822	0.3822	0.1991	0.4986	68.18	-12.73	15.18	5669.97	6311.39	4530.87	5316	0.016	0.0164	534.52	87.16	252.06	558.8				21.5244	89	86.2	92.6	96	85.1	87	92.1	92.8	80	44.4	86.2	84.1	83.8	87.5	97.1	80.2	1.3	3.4			
215	2019-03-20T11:37:29	0.3381	0.3802	0.1964	0.4969	68.04	-13.89	13.79	5149.91	5790.77	4289.58	0.3433	0.3821	0.3821	0.1991	0.4985	68.18	-12.73	15.15	5643.49	6281.63	4512.85	5316	0.016	0.0164	534.52	86.82	252.1	558.8				21.4276	89	86.2	92.7	96	85.1	87	92.2	92.8	80	44.5	86.2	84.1	83.9	87.5	97.1	80.3	1.3	3.4			
216	2019-03-20T11:37:59	0.3379	0.38	0.1963	0.4968	68.02	-13.93	13.7	5089.82	5725.31	4250.01	0.343	0.382	0.382	0.1989	0.4984	68.17	-12.77	15.06	5577.97	6211.27	4471.53	5326	0.016	0.0164	534.52	85.81	252.13	558.5				21.1764	89	86.1	92.6	96	85.1	87	92.1	92.7	80	44.3	86.2	84.1	83.8	87.5	97.1	80.2	1.3	3.4			
217	2019-03-20T11:38:30	0.3383	0.3804	0.1965	0.497	68.05	-13.89	13.89	5184.71	5829.72	4309.27	0.3435	0.3824	0.3824	0.1991	0.4986	68.19	-12.72	15.25	5681.46	6323.48	4533.08	5310	0.016	0.0164	534.52	87.23	252.07	558.9				21.5579	89	86.2	92.6	96	85.1	87	92.1	92.7	80	44.4	86.2	84.1	83.8	87.5	97.1	80.2	1.3	3.4			
218	2019-03-20T11:39:00	0.3383	0.3804	0.1965	0.497	68.05	-13.88	13.86	5184.44	5829.31	4311.58	0.3435	0.3823	0.3823	0.1991	0.4986	68.19	-12.72	15.22	5681.2	6323.09	4535.47	5311	0.016	0.0164	534.52	87.35	251.88	558.9				21.5534	89	86.1	92.6	96	85.1	87	92.1	92.7	80	44.3	86.2	84.1	83.8	87.5	97.1	80.2	1.3	3.4			
219	2019-03-20T11:39:30	0.3378	0.38	0.1963	0.4968	68.02	-13.94	13.69	5082.08	5717.34	4244.67	0.343	0.382	0.382	0.1989	0.4984	68.17	-12.79	15.05	5569.62	6202.68	4465.88	5328	0.016	0.0165	534.52	85.73	251.64	558.5				21.1479	88.9	86.1	92.6	96	85.1	86.9	92.1	92.7	80	44.2	86.2	84.1	83.8	87.4	97.1	80.2	1.3	3.4			
220	2019-03-20T11:40:00	0.3377	0.3799	0.1962	0.4967	68.02	-13.96	13.65	5062.82	5696.38	4233.5	0.3429	0.3819	0.3819	0.1989	0.4983	68.16	-12.8	15	5548.68	6180.18	4454.39	5331	0.016	0.0165	534.52	85.38	251.67	558.4				21.0641	88.9	86.1	92.6	96	85	86.9	92.1	92.7	79.9	44.1	86.2	84	83.8	87.4	97.1	80.2	1.3	3.4			
221	2019-03-20T11:40:30	0.3379	0.3801	0.1963	0.4968	68.03	-13.93	13.72	5103.64	5740.94	4259.25	0.3431	0.382	0.382	0.1989	0.4984	68.17	-12.77	15.08	5593.19	6227.97	4481.02	5324	0.016	0.0164	534.52	86.05	251.46	558.6				21.2222	88.9	86.1	92.6	96	85	86.9	92.1	92.7	79.9	44	86.1	84	83.8	87.4	97.1	80.2	1.3	3.4			
222	2019-03-20T11:41:00	0.3364	0.3787	0.1959	0.496	67.92	-13.98	13.09	4762.46	5360.39	4032.86	0.3415	0.3807	0.3807	0.1984	0.4976	68.07	-12.87	14.45	5220.22	5818.27	4245.72	5374	0.016	0.0164	534.52	80.53	251.75	557.4				19.9202	89.1	86.2	92.7	96	85.2	87.1	92.2	92.8	80.3	44.9	86.3	84.2	83.9	87.5	97.1	80.4	1.3	3.5			
223	2019-03-20T11:41:30	0.3378	0.38	0.1963	0.4968	68.02	-13.94	13.68	5097.06	5734.2	4258.42	0.343	0.3819	0.3819	0.1989	0.4984	68.16	-12.78	15.04	5586.18	6220.91	4480.45	5329	0.016	0.0165	534.52	85.92	251.59	558.5				21.1943	88.9	86.1	92.6	96	85	86.9	92.1	92.7	79.9	43.9	86.1	84	83.8	87.4	97.1	80.1	1.3	3.4			
224	2019-03-20T11:42:00	0.3378	0.38	0.1963	0.4968	68.02	-13.94	13.68	5100.86	5738.34	4260.95	0.343	0.382	0.382	0.1989	0.4984	68.16	-12.78	15.04	5590.3	6225.39	4483.01	5328	0.016	0.0165	534.52	85.96	251.59	558.5				21.2135	88.9	86.1	92.6	96	85	86.9	92.1	92.7	79.9	43.9	86.1	84	83.8	87.4	97.1	80.1	1.3	3.4			
225	2019-03-20T11:42:30	0.3377	0.3799	0.1962	0.4967	68.02	-13.95	13.65	5070.43	5704.6	4239.29	0.3429	0.3819	0.3819	0.1989	0.4983	68.16	-12.79	15.01	5557.01	6189.07	4460.31	5331	0.016	0.0165	534.52	85.52	251.46	558.4				21.0928	88.9	86.1	92.6	96	85	86.9	92.1	92.7	79.9	43.9	86.1	84	83.8	87.4	97.1	80.1	1.3	3.4			
226	2019-03-20T11:43:00	0.3376	0.3799	0.1962	0.4967	68.01	-13.96	13.6	5034.44	5664.84	4213.96	0.3428	0.3818	0.3818	0.1988	0.4983	68.15	-12.81	14.96	5517.76	6146.22	4434.08	5335	0.016	0.0165	534.52	84.98	251.47	558.3				20.9413	88.9	86.1	92.6	96	85	86.9	92.1	92.7	79.9	43.9	86.2	84	83.8	87.4	97.1	80.1	1.3	3.4			
227	2019-03-20T11:43:30	0.3377	0.3799	0.1962	0.4967	68.02	-13.95	13.64	5041.16	5671.75	4215.43	0.3429	0.3819	0.3819	0.1989	0.4983	68.16	-12.79	15	5525.05	6153.33	4435.34	5331	0.016	0.0165	534.52	84.98	251.22	558.4				20.9604	88.9	86	92.6	96	85	86.9	92.1	92.7	79.8	43.8	86.1	84	83.8	87.4	97.1	80.1	1.3	3.4			
228	2019-03-20T11:44:00	0.3376	0.3799	0.1962	0.4967	68.01	-13.96	13.62	5016.06	5644.01	4196.6	0.3428	0.3818	0.3818	0.1988	0.4983	68.16	-12.8	14.98	5497.64	6123.34	4415.76	5334	0.016	0.0165	534.52	84.52	251.37	558.4				20.8632	88.9	86	92.6	96	85	86.9	92.1	92.7	79.8	43.8	86.1	84	83.8	87.4	97.1	80.1	1.3	3.4			
229	2019-03-20T11:44:30	0.3376	0.3798	0.1962	0.4967	68.01	-13.96	13.6	4990.14	5614.63	4176.78	0.3428	0.3818	0.3818	0.1988	0.4983	68.15	-12.8	14.96	5469.26	6091.56	4394.95	5335	0.016	0.0165	534.52	84.02	251.31	558.3				20.755	88.9	86	92.6	96	85	86.9	92.1	92.7	79.8	43.7	86.1	84	83.8	87.4	97.1	80.1	1.3	3.4			
230	2019-03-20T11:45:00	0.3376	0.3798	0.1962	0.4967	68.01	-13.97	13.59	4975.02	5598.27	4165.32	0.3427	0.3818	0.3818	0.1988	0.4983	68.15	-12.81	14.95	5452.8	6073.88	4383.03	5336	0.016	0.0165	534.52	83.88	251.44	558.3				20.6926	88.9	86	92.6	96	85	86.9	92.1	92.7	79.8	43.7	86.1	84	83.7	87.4	97.1	80.1	1.3	3.4			
231	2019-03-20T11:45:30	0.3373	0.3796	0.1961	0.4965	67.99	-13.97	13.5	4940.52	5559.4	4145.41	0.3425	0.3816	0.3816	0.1987	0.4981	68.13	-12.81	14.85	5415.07	6032.2	4362.34	5344	0.016	0.0164	534.52	83.33	251.22	558.1				20.5537	88.9	86	92.6	96	85	86.9	92.1	92.7	79.8	43.8	86.1	84	83.8	87.4	97.1	80.1	1.3	3.4			
232	2019-03-20T11:46:00	0.3374	0.3797	0.1961	0.4966	68	-13.98	13.51	4939.51	5558.91	4143.37	0.3425	0.3816	0.3816	0.1987	0.4982	68.14	-12.83	14.87	5414.07	6031.66	4360.33	5342	0.016	0.0165	534.52	83.27	251.45	558.2				20.5494	88.9	86	92.6	95.9	85	86.9	92.1	92.7	79.8	43.6	86.1	84	83.8	87.4	97	80.1	1.3	3.4			
233	2019-03-20T11:46:30	0.3373	0.3797	0.1961	0.4966	68	-13.99	13.52	4942.91	5563.06	4146.21	0.3425	0.3816	0.3816	0.1987	0.4982	68.14	-12.83	14.87	5417.83	6036.06	4363.2	5344	0.016	0.0165	534.52	83.43	250.99	558.1				20.5596	88.9	86	92.6	96	85	86.9	92.1	92.7	79.8	43.6	86.1	83.9	83.7	87.3	97.1	80	1.3	3.4			
234	2019-03-20T11:47:00	0.3374	0.3797	0.1961	0.4966	68	-13.98	13.54	4963.15	5585.41	4161.01	0.3426	0.3817	0.3817	0.1988	0.4982	68.14	-12.82	14.89	5439.96	6060.19	4378.69	5341	0.016	0.0165	534.52	83.66	251.22	558.2				20.6446	88.8	86	92.6	96	84.9	86.8	92.1	92.7	79.7	43.5	86.1	83.9	83.7	87.3	97	80	1.3	3.4			
235	2019-03-20T11:47:30	0.3374	0.3797	0.1961	0.4966	68	-13.98	13.54	4977.07	5601.01	4171.97	0.3426	0.3817	0.3817	0.1988	0.4982	68.14	-12.82	14.9	5455.25	6077.04	4390.36	5341	0.016	0.0165	534.52	83.93	251.21	558.2				20.7004	88.9	86	92.6	96	85	86.9	92.1	92.7	79.8	43.5	86	83.9	83.7	87.3	97.1	80	1.3	3.4			
236	2019-03-20T11:48:00	0.3375	0.3798	0.1962	0.4966	68	-13.96	13.57	4998.61	5624.43	4186.82	0.3427	0.3817	0.3817	0.1988	0.4982	68.15	-12.8	14.93	5478.77	6102.21	4405.8	5338	0.016	0.0165	534.52	84.27	251.25	558.3				20.7796	88.9	86	92.6	96	85	86.8	92.1	92.7	79.7	43.4	86	83.9	83.7	87.3	97.1	80	1.3	3.4			
237	2019-03-20T11:48:30	0.3377	0.3799	0.1962	0.4967	68.01	-13.95	13.62	5031.91	5661.3	4209.36	0.3428	0.3818	0.3818	0.1989	0.4983	68.15	-12.78	14.98	5515.14	6141.87	4429.42	5334	0.016	0.0165	534.52	84.78	251.43	558.4				20.926	88.9	86	92.6	96	85	86.9	92.1	92.7	79.8	43.5	86	83.9	83.7	87.3	97.1	80	1.3	3.4			
238	2019-03-20T11:49:00	0.3376	0.3799	0.1962	0.4967	68.01	-13.96	13.6	5020.18	5648.73	4201.9	0.3428	0.3818	0.3818	0.1988	0.4983	68.15	-12.8	14.96	5502.35	6128.47	4421.44	5335	0.016	0.0165	534.52	84.58	251.19	558.3				20.8728	88.8	86	92.6	96	84.9	86.8	92.1	92.6	79.7	43.4	86	83.9	83.7	87.3	97.1	80	1.3	3.4			
239	2019-03-20T11:49:30	0.3375	0.3798	0.1962	0.4967	68.01	-13.97	13.59	5009.86	5637.27	4194.93	0.3427	0.3817	0.3817	0.1988	0.4983	68.15	-12.8	14.94	5491.16	6116.06	4414.39	5336	0.016	0.0165	534.52	84.4	251.13	558.3				20.831	88.8	86	92.6	96	84.9	86.8	92.1	92.6	79.7	43.3	86	83.9	83.7	87.3	97	80	1.3	3.4			
240	2019-03-20T11:50:00	0.3375	0.3797	0.1961	0.4966	68	-13.97	13.55	5000.31	5626.84	4190.55	0.3426	0.3817	0.3817	0.1988	0.4982	68.14	-12.81	14.91	5480.76	6104.97	4409.94	5339	0.016	0.0165	534.52	84.27	251.15	558.2				20.7915	88.8	86	92.6	96	84.9	86.8	92.1	92.6	79.7	43.3	86	83.9	83.7	87.3	97	80	1.3	3.4			
241	2019-03-20T11:50:30	0.3373	0.3797	0.1961	0.4966	68	-13.99	13.52	4977.32	5601.94	4175.17	0.3425	0.3816	0.3816	0.1987	0.4982	68.14	-12.83	14.87	5455.69	6078.24	4393.84	5344	0.016	0.0165	534.52	83.94	251.03	558.1				20.6988	88.8	86	92.6	95.9	84.9	86.8	92.1	92.6	79.7	43.3	86	83.9	83.7	87.3	97	80	1.3	3.4			
242	2019-03-20T11:51:00	0.3373	0.3797	0.1961	0.4966	68	-13.98	13.51	4991.91	5618.09	4187.58	0.3425	0.3816	0.3816	0.1987	0.4982	68.14	-12.82	14.87	5471.66	6095.69	4406.86	5344	0.016	0.0165	548.69	84.1	251.22	558.1				20.7542	88.8	86	92.6	96	84.9	86.8	92.1	92.7	79.7	43.3	86	83.9	83.7	87.3	97.1	80	1.3	3.4			
243	2019-03-20T11:51:30	0.3373	0.3796	0.1961	0.4966	67.99	-13.98	13.51	4975.05	5599.15	4174.02	0.3425	0.3816	0.3816	0.1987	0.4982	68.14	-12.82	14.86	5453.22	6075.15	4392.74	5345	0.016	0.0165	534.52	83.87	251.06	558.1				20.6814	88.8	86	92.6	96	84.9	86.8	92.1	92.7	79.7	43.3	86	83.9	83.7	87.3	97.1	80	1.3	3.4			
244	2019-03-20T11:52:00	0.3373	0.3796	0.1961	0.4965	67.99	-14	13.49	4955.31	5577.78	4160.01	0.3424	0.3815	0.3815	0.1987	0.4981	68.13	-12.84	14.84	5431.72	6052.04	4378.02	5346	0.016	0.0165	534.52	83.58	250.81	558.1				20.6048	88.8	85.9	92.6	96	84.9	86.8	92	92.6	79.6	43.2	86	83.9	83.7	87.3	97	79.9	1.3	3.4			
245	2019-03-20T11:52:30	0.3371	0.3795	0.196	0.4965	67.98	-14	13.44	4934	5553.78	4146.69	0.3423	0.3814	0.3814	0.1987	0.4981	68.13	-12.84	14.79	5408.46	6026.28	4364.33	5349	0.016	0.0165	550.45	83.15	251.07	558				20.5176	88.8	85.9	92.6	96	84.9	86.8	92.1	92.6	79.6	43.2	86	83.8	83.7	87.3	97	80	1.3	3.4			
246	2019-03-20T11:53:01	0.3372	0.3796	0.196	0.4965	67.99	-14	13.47	4931.11	5550.66	4141.66	0.3424	0.3815	0.3815	0.1987	0.4981	68.13	-12.85	14.82	5405.18	6022.84	4358.66	5349	0.016	0.0165	534.52	83.13	251.16	558				20.5137	88.8	86	92.6	96	84.9	86.8	92.1	92.6	79.7	43.3	86	83.9	83.7	87.3	97	80	1.3	3.4			
247	2019-03-20T11:53:31	0.3369	0.3794	0.1959	0.4964	67.97	-14.03	13.37	4882.15	5496.97	4110.67	0.3421	0.3813	0.3813	0.1986	0.498	68.12	-12.88	14.72	5351.8	5965.11	4326.48	5357	0.016	0.0165	534.52	82.34	250.79	557.8				20.305	88.8	85.9	92.6	95.9	84.9	86.8	92.1	92.6	79.7	43.2	86	83.9	83.7	87.3	97	79.9	1.3	3.4			
248	2019-03-20T11:54:01	0.3369	0.3793	0.1959	0.4963	67.97	-14.03	13.34	4872.3	5485.71	4104.99	0.3421	0.3812	0.3812	0.1986	0.4979	68.11	-12.87	14.69	5341.09	5952.98	4320.77	5359	0.016	0.0165	534.52	82.23	250.95	557.8				20.2727	88.8	85.9	92.6	95.9	84.9	86.8	92.1	92.6	79.6	43.2	86	83.9	83.7	87.3	97	79.9	1.3	3.4			
249	2019-03-20T11:54:31	0.3369	0.3794	0.1959	0.4964	67.98	-14.04	13.37	4876.9	5491.44	4106.05	0.3421	0.3813	0.3813	0.1986	0.498	68.12	-12.89	14.73	5346.07	5959.1	4321.52	5357	0.016	0.0165	534.52	82.33	250.67	557.8				20.2872	88.8	85.9	92.6	95.9	84.9	86.8	92.1	92.6	79.6	43.1	86	83.9	83.7	87.3	97	79.9	1.3	3.4			
250	2019-03-20T11:55:01	0.3371	0.3795	0.196	0.4964	67.98	-14.03	13.42	4882.93	5497.68	4106.61	0.3422	0.3814	0.3814	0.1986	0.498	68.13	-12.87	14.77	5352.62	5965.6	4322.05	5353	0.016	0.0165	534.52	82.38	250.93	557.9				20.3019	88.8	85.9	92.6	95.9	84.9	86.8	92	92.6	79.6	43.1	86	83.8	83.7	87.3	97	79.9	1.3	3.4			
251	2019-03-20T11:55:31	0.3369	0.3794	0.1959	0.4964	67.97	-14.06	13.35	4831.65	5441.28	4070.33	0.342	0.3813	0.3813	0.1985	0.498	68.12	-12.9	14.71	5296.64	5904.75	4284.08	5359	0.016	0.0165	534.52	81.55	250.75	557.7				20.0973	88.8	85.9	92.5	95.9	84.8	86.8	92	92.6	79.6	43	86	83.8	83.6	87.2	97	79.9	1.3	3.4			
252	2019-03-20T11:56:01	0.337	0.3795	0.1959	0.4964	67.98	-14.04	13.42	4847.44	5458.41	4077.39	0.3422	0.3814	0.3814	0.1986	0.498	68.13	-12.88	14.77	5313.82	5922.99	4291.28	5355	0.016	0.0165	534.52	81.79	250.73	557.9				20.1541	88.8	85.9	92.5	95.9	84.8	86.8	92	92.6	79.6	43	86	83.8	83.6	87.2	97	79.9	1.3	3.4			
253	2019-03-20T11:56:31	0.3368	0.3794	0.1959	0.4964	67.97	-14.06	13.36	4825.7	5434.95	4065.36	0.342	0.3813	0.3813	0.1985	0.498	68.12	-12.91	14.71	5290.21	5897.89	4279	5361	0.016	0.0165	534.52	81.44	250.67	557.7				20.0734	88.8	85.9	92.5	95.9	84.8	86.7	92	92.6	79.6	42.9	85.9	83.8	83.6	87.2	97	79.9	1.3	3.4			
254	2019-03-20T11:57:01	0.3368	0.3793	0.1959	0.4963	67.97	-14.06	13.31	4809.18	5416	4055.25	0.3419	0.3812	0.3812	0.1985	0.4979	68.11	-12.9	14.67	5272.07	5877.63	4268.27	5363	0.016	0.0165	534.52	81.24	250.72	557.7				19.9969	88.8	85.9	92.5	95.9	84.8	86.8	92.1	92.6	79.6	42.9	86	83.8	83.7	87.2	97	79.9	1.3	3.4			
255	2019-03-20T11:57:31	0.3366	0.3793	0.1958	0.4963	67.97	-14.1	13.29	4812.56	5421.98	4061.3	0.3418	0.3812	0.3812	0.1984	0.4979	68.11	-12.95	14.65	5276.04	5884.19	4274.67	5367	0.016	0.0166	534.52	81.32	250.27	557.6				20.0114	88.7	85.8	92.5	95.9	84.8	86.7	92	92.6	79.5	42.7	85.9	83.8	83.6	87.2	97	79.8	1.3	3.5			
256	2019-03-20T11:58:01	0.3368	0.3794	0.1959	0.4964	67.98	-14.09	13.37	4866.14	5481.48	4098.72	0.342	0.3814	0.3814	0.1985	0.498	68.12	-12.92	14.73	5334.6	5948.27	4313.71	5361	0.016	0.0166	534.52	82.23	250.48	557.7				20.2322	88.7	85.8	92.5	95.9	84.8	86.7	92	92.6	79.5	42.7	85.9	83.7	83.6	87.2	97	79.8	1.3	3.4			
257	2019-03-20T11:58:31	0.3369	0.3795	0.1959	0.4964	67.98	-14.1	13.4	4874.55	5491.38	4103.57	0.3421	0.3815	0.3815	0.1985	0.498	68.13	-12.93	14.76	5343.84	5958.91	4318.72	5359	0.016	0.0166	548.69	82.31	250.47	557.8				20.2677	88.7	85.8	92.5	95.9	84.8	86.7	92	92.6	79.5	42.6	85.9	83.7	83.6	87.2	97	79.8	1.3	3.4			
258	2019-03-20T11:59:01	0.3375	0.3803	0.196	0.4968	68.04	-14.14	13.7	4893.57	5514.54	4093.33	0.3427	0.3822	0.3822	0.1986	0.4984	68.18	-12.95	15.06	5364.4	5982.4	4306.22	5341	0.016	0.0167	534.52	82.74	250.3	558.2				20.2771	88.6	85.7	92.4	95.9	84.7	86.6	91.9	92.6	79.3	42.3	85.7	83.6	83.3	87.1	97	79.6	1.3	3.5			
259	2019-03-20T11:59:31	0.3369	0.3795	0.1959	0.4964	67.99	-14.08	13.41	4871.48	5487.2	4099.65	0.3421	0.3815	0.3815	0.1985	0.498	68.13	-12.92	14.77	5340.36	5954.33	4314.35	5357	0.016	0.0166	534.52	82.16	250.46	557.8				20.2491	88.7	85.8	92.5	95.9	84.8	86.7	92	92.6	79.4	42.6	85.9	83.7	83.6	87.2	97	79.8	1.3	3.4			
260	2019-03-20T12:00:01	0.3369	0.3795	0.1959	0.4964	67.99	-14.09	13.4	4871.51	5487.87	4100.58	0.3421	0.3815	0.3815	0.1985	0.498	68.13	-12.93	14.76	5340.52	5955.02	4315.53	5359	0.016	0.0166	534.52	82.27	250.29	557.8				20.2463	88.7	85.8	92.5	95.9	84.8	86.7	92	92.6	79.5	42.6	85.9	83.7	83.5	87.2	97	79.8	1.3	3.4			
261	2019-03-20T12:00:31	0.3372	0.3798	0.1959	0.4966	68.01	-14.09	13.53	4913.71	5534.82	4123.98	0.3424	0.3817	0.3817	0.1986	0.4982	68.15	-12.91	14.89	5386.58	6005.29	4339.52	5349	0.016	0.0166	548.69	82.85	250.23	558				20.4065	88.7	85.8	92.5	95.9	84.7	86.6	92	92.5	79.4	42.4	85.8	83.7	83.5	87.1	97	79.7	1.3	3.4			
262	2019-03-20T12:01:01	0.3373	0.38	0.196	0.4967	68.02	-14.1	13.59	4902.7	5523.15	4110.08	0.3425	0.3819	0.3819	0.1986	0.4983	68.16	-12.92	14.95	5374.52	5992.32	4324.49	5346	0.016	0.0166	550.45	82.75	249.59	558.1				20.3257	88.6	85.7	92.4	95.9	84.7	86.6	91.9	92.5	79.3	42.2	85.8	83.6	83.5	87.1	97	79.6	1.3	3.5			
263	2019-03-20T12:01:33	0.3366	0.3794	0.1957	0.4963	67.97	-14.15	13.32	4775.98	5382.83	4029.97	0.3418	0.3813	0.3813	0.1984	0.4979	68.12	-12.99	14.68	5236.18	5841.63	4241.41	5369	0.016	0.0166	534.52	80.66	250.09	557.5				19.8434	88.7	85.7	92.5	95.9	84.7	86.6	92	92.5	79.4	42.3	85.8	83.7	83.5	87.1	97	79.7	1.3	3.5			
264	2019-03-20T12:02:01	0.3368	0.3795	0.1958	0.4964	67.99	-14.13	13.4	4802.98	5412.33	4044.62	0.342	0.3815	0.3815	0.1985	0.498	68.13	-12.96	14.76	5265.64	5873.13	4256.67	5361	0.016	0.0166	534.52	81.13	250.1	557.7				19.9496	88.7	85.7	92.5	95.9	84.7	86.6	91.9	92.5	79.3	42.2	85.8	83.7	83.5	87.1	97	79.7	1.3	3.4			
265	2019-03-20T12:02:31	0.3379	0.3804	0.1962	0.497	68.05	-14.03	13.83	5030.18	5663.09	4192.04	0.3432	0.3823	0.3823	0.1989	0.4986	68.19	-12.83	15.18	5513.73	6142.66	4410.04	5324	0.016	0.0166	550.45	84.81	250.22	558.6				20.8501	88.6	85.7	92.4	95.9	84.7	86.6	91.9	92.5	79.2	42	85.7	83.6	83.4	87.1	97	79.6	1.3	3.4			
266	2019-03-20T12:03:01	0.3384	0.3809	0.1964	0.4973	68.09	-14.01	14.03	5158.82	5806.34	4278.95	0.3437	0.3827	0.3827	0.1991	0.4988	68.22	-12.79	15.38	5654.36	6296.85	4500.59	5308	0.016	0.0166	550.45	86.85	250.3	558.9				21.3662	88.6	85.6	92.4	95.9	84.6	86.5	91.9	92.5	79.1	41.9	85.7	83.6	83.3	87	97	79.5	1.3	3.4			
267	2019-03-20T12:03:31	0.3386	0.381	0.1964	0.4974	68.1	-14	14.1	5162.07	5809.41	4274.43	0.3439	0.3829	0.3829	0.1991	0.4989	68.23	-12.78	15.45	5657.73	6299.85	4495.35	5302	0.016	0.0166	550.45	86.85	250.3	559				21.3667	88.6	85.6	92.4	95.9	84.6	86.5	91.9	92.5	79.1	41.9	85.7	83.6	83.4	87	97	79.5	1.3	3.4			