;GL_SpectroSoft	3.1.07
;SPX	6.4.2(0.7.2)
Pos	Name	x2	y2	u2'	v2'	L2	a2	b2	X2	Y2	Z2	x10	y10	y10	u10'	v10'	L10	a10	b10	X10	Y10	Z10	CCT	ChErr	Duv	ColPeak	ColPeakVal	Lambda2	ColDom	LumInt	LumEff	Purity	Radiometric	Ra	R1	R2	R3	R4	R5	R6	R7	R8	R9	R10	R11	R12	R13	R14	R15	Mivis	Miuv	Binning	Brightness	Pass
										lx													K			nm		nm	nm				W/m²																					
1	2019-03-28T09:25:25	0.2429	0.3172	0.1537	0.4517	63.11	-29.01	-15.71	352.49	460.27	638.4	0.2479	0.3261	0.3261	0.1545	0.4573	63.84	-30.06	-12.84	395.51	520.27	679.86	12309	0.035	0.0366	476.85	10.98	150.53	489.4				1.7267	71.6	60.4	80.3	83.7	60	68.1	80.2	84.1	55.9	0	66.5	55.1	70.5	63.5	88.3	50.6	3.1	5.7			
2	2019-03-28T09:25:55	0.2427	0.3171	0.1536	0.4516	63.1	-29.09	-15.77	351.06	458.75	636.96	0.2476	0.326	0.326	0.1544	0.4572	63.84	-30.15	-12.88	393.91	518.63	678.3	12342	0.036	0.0367	476.85	10.96	150.18	489.4				1.7242	71.6	60.4	80.2	83.7	60	68.1	80.1	84.1	56	0	66.4	55	70.5	63.4	88.3	50.6	3.1	5.8			
3	2019-03-28T09:26:25	0.2427	0.3165	0.1538	0.4512	63.05	-28.87	-15.91	351.69	458.68	638.84	0.2476	0.3255	0.3255	0.1545	0.4569	63.79	-29.98	-13.03	394.53	518.67	680.39	12411	0.035	0.0364	476.85	10.99	149.95	489.3				1.7328	71.9	60.9	80.4	83.8	60.4	68.4	80.3	84.3	56.7	0	66.8	55.5	70.8	63.9	88.4	51.2	3	5.7			
4	2019-03-28T09:26:55	0.2436	0.3162	0.1545	0.4512	63.03	-28.38	-15.89	357.08	463.57	645.36	0.2484	0.3252	0.3252	0.1551	0.4569	63.77	-29.54	-13.01	400.32	524.13	687.42	12307	0.035	0.0358	476.85	11.1	150.11	489.2				1.76	72.5	61.9	80.9	84	61.3	69.2	80.8	84.5	57.8	0	67.8	56.5	71.5	64.8	88.6	52.4	3	5.7			
5	2019-03-28T09:27:25	0.2456	0.3167	0.1557	0.4518	63.07	-27.68	-15.53	364.54	470	649.63	0.2503	0.3255	0.3255	0.1563	0.4574	63.8	-28.85	-12.7	408.3	531.01	692.01	12054	0.034	0.0348	476.85	11.17	151.11	489.3				1.7898	73.5	63.5	81.7	84.5	62.6	70.4	81.6	84.9	59.2	0	69.2	58.2	72.4	66.2	88.9	54.2	2.9	5.7			
6	2019-03-28T09:27:55	0.2485	0.318	0.1573	0.4529	63.17	-26.9	-14.86	378.3	483.98	659.81	0.2531	0.3266	0.3266	0.1579	0.4583	63.88	-28.03	-12.09	423.3	546.09	702.9	11621	0.033	0.0336	476.85	11.34	152.89	489.4				1.8433	74.6	65.1	82.6	84.9	64.1	71.6	82.5	85.3	60.6	0	70.8	59.9	73.4	67.8	89.3	55.9	2.7	5.7			
7	2019-03-28T09:28:25	0.2518	0.32	0.1589	0.4545	63.35	-26.28	-13.94	396.31	503.75	673.96	0.2563	0.3283	0.3283	0.1595	0.4598	64.03	-27.32	-11.24	443.05	567.51	717.82	11156	0.032	0.0326	476.85	11.62	155.16	489.6				1.9099	75.4	66.5	83.4	85.3	65.3	72.6	83.3	85.5	61.4	0	72.2	61.5	74.3	69.2	89.6	57.3	2.6	5.7			
8	2019-03-28T09:28:55	0.2545	0.3223	0.1601	0.4562	63.53	-25.95	-13.04	418.52	529.99	695.98	0.2591	0.3304	0.3304	0.1608	0.4612	64.19	-26.9	-10.39	467.57	596.23	740.95	10776	0.031	0.0319	476.85	12.05	157.96	489.9				1.9991	75.9	67.3	83.9	85.5	66	73.2	83.8	85.6	61.8	0	73.1	62.4	74.8	70.1	89.8	58.1	2.6	5.6			
9	2019-03-28T09:29:25	0.2558	0.3244	0.1604	0.4575	63.7	-26.14	-12.33	446.83	566.56	733.14	0.2605	0.3323	0.3323	0.1611	0.4625	64.35	-27	-9.7	499.14	636.73	780.1	10545	0.031	0.0321	476.85	12.74	158.74	490.2				2.1256	75.9	67.3	83.9	85.7	66	73.1	83.8	85.6	61.7	0	72.9	62.4	74.6	70	89.9	58	2.6	5.6			
10	2019-03-28T09:29:55	0.2557	0.3261	0.1598	0.4584	63.84	-26.77	-11.91	475.66	606.46	777.85	0.2606	0.3339	0.3339	0.1607	0.4633	64.48	-27.53	-9.29	531.52	681.16	827.27	10463	0.032	0.0328	476.85	13.5	158.56	490.5				2.2651	75.5	66.5	83.3	85.9	65.5	72.5	83.1	85.7	61.4	0	71.9	61.7	73.7	69.2	89.9	57.3	2.6	5.6			
11	2019-03-28T09:30:24	0.2551	0.3269	0.1591	0.4588	63.91	-27.35	-11.76	508.23	651.39	832.78	0.26	0.3348	0.3348	0.1601	0.4637	64.55	-28.05	-9.13	568.12	731.48	885.35	10496	0.033	0.0336	476.85	14.4	157.74	490.7				2.4261	75.1	65.8	82.8	86.1	65	71.9	82.5	85.8	61.2	0	70.9	61	72.9	68.5	90	56.7	2.6	5.6			
12	2019-03-28T09:30:54	0.2548	0.3274	0.1588	0.459	63.95	-27.64	-11.67	533.68	685.84	875.15	0.2598	0.3353	0.3353	0.1598	0.464	64.59	-28.33	-9.02	596.63	770.09	930.03	10496	0.033	0.034	476.85	15.16	156.42	490.8				2.5493	74.9	65.5	82.5	86.1	64.7	71.6	82.2	85.8	61.1	0	70.4	60.6	72.4	68.1	89.9	56.3	2.6	5.6			
13	2019-03-28T09:31:24	0.2546	0.3272	0.1587	0.4589	63.93	-27.64	-11.76	565.08	726.23	928.49	0.2595	0.3351	0.3351	0.1597	0.4638	64.57	-28.35	-9.1	631.71	815.59	986.64	10516	0.033	0.034	476.85	16.09	155.76	490.7				2.7028	74.9	65.5	82.5	86	64.7	71.6	82.2	85.8	61.1	0	70.5	60.5	72.5	68.1	89.9	56.4	2.6	5.6			
14	2019-03-28T09:31:54	0.2547	0.3267	0.159	0.4586	63.89	-27.39	-11.86	585.75	751.14	962.44	0.2597	0.3346	0.3346	0.1599	0.4636	64.53	-28.13	-9.21	654.72	843.66	1022.88	10517	0.033	0.0337	476.85	16.68	156.22	490.6				2.8007	75.1	65.8	82.7	85.9	64.9	71.9	82.4	85.8	61.3	0	70.9	60.9	72.8	68.4	89.9	56.7	2.6	5.6			
15	2019-03-28T09:32:25	0.255	0.3256	0.1594	0.4581	63.8	-26.91	-12.13	594.61	759.25	978.25	0.2598	0.3335	0.3335	0.1603	0.463	64.45	-27.71	-9.48	664.45	853.05	1040.16	10559	0.032	0.0331	476.85	16.96	156.93	490.4				2.84	75.5	66.4	83.2	85.9	65.4	72.4	82.9	85.8	61.7	0	71.7	61.5	73.4	69	89.9	57.3	2.6	5.6			
16	2019-03-28T09:32:55	0.2554	0.3245	0.16	0.4575	63.72	-26.37	-12.35	572.74	727.8	942.08	0.2601	0.3325	0.3325	0.1608	0.4625	64.36	-27.23	-9.7	639.81	817.95	1002.14	10561	0.032	0.0324	478.67	16.34	157.82	490.3				2.7294	75.8	67.1	83.6	85.8	65.8	72.9	83.5	85.7	61.9	0	72.6	62.1	74.2	69.8	89.9	57.9	2.6	5.6			
17	2019-03-28T09:33:25	0.255	0.3229	0.1602	0.4566	63.58	-25.97	-12.82	540.39	684.34	894.68	0.2596	0.331	0.331	0.1609	0.4616	64.24	-26.91	-10.17	603.6	769.63	952.19	10706	0.031	0.0319	476.85	15.49	157.94	490				2.5795	76	67.5	83.9	85.7	66.1	73.3	83.8	85.6	62.1	0	73.1	62.6	74.7	70.2	89.9	58.3	2.6	5.6			
18	2019-03-28T09:33:55	0.2534	0.3214	0.1596	0.4555	63.46	-26.1	-13.4	499.34	633.38	838.03	0.2579	0.3296	0.3296	0.1602	0.4607	64.13	-27.09	-10.73	557.97	712.94	892.26	10926	0.031	0.0322	476.85	14.48	156.37	489.8				2.3962	75.8	67.1	83.7	85.5	65.8	73	83.6	85.6	61.8	0	72.7	62.1	74.5	69.7	89.8	57.9	2.6	5.6			
19	2019-03-28T09:34:25	0.2507	0.3196	0.1583	0.4542	63.31	-26.57	-14.16	467.38	595.79	800.76	0.2553	0.328	0.328	0.1589	0.4595	64	-27.63	-11.44	522.64	671.45	852.8	11286	0.032	0.033	476.85	13.78	154.1	489.6				2.261	75.2	66	83.1	85.3	64.9	72.2	82.9	85.5	61.3	0	71.6	61	73.9	68.7	89.6	56.9	2.7	5.7			
20	2019-03-28T09:34:55	0.2482	0.3182	0.157	0.453	63.2	-27.14	-14.83	446.02	571.89	779.25	0.2528	0.3268	0.3268	0.1576	0.4584	63.9	-28.26	-12.05	499.14	645.31	829.92	11645	0.033	0.0339	476.85	13.41	152.25	489.4				2.1742	74.4	64.8	82.4	84.9	63.8	71.4	82.2	85.3	60.4	0	70.5	59.6	73.1	67.5	89.3	55.6	2.8	5.7			
21	2019-03-28T09:35:25	0.2462	0.3175	0.1559	0.4523	63.13	-27.72	-15.27	430.89	555.67	763.84	0.2509	0.3263	0.3263	0.1565	0.4578	63.86	-28.87	-12.43	482.55	627.58	813.41	11927	0.034	0.0348	476.85	13.15	150.88	489.4				2.1112	73.6	63.6	81.8	84.5	62.8	70.5	81.6	84.9	59.3	0	69.3	58.3	72.4	66.4	89	54.3	2.9	5.7			
22	2019-03-28T09:35:55	0.2449	0.3172	0.1551	0.452	63.11	-28.2	-15.47	422.32	547.13	755.18	0.2497	0.3261	0.3261	0.1557	0.4576	63.85	-29.34	-12.61	473.23	618.22	804.11	12093	0.034	0.0355	476.85	13.02	150.09	489.4				2.0738	73	62.6	81.3	84.2	61.9	69.7	81.1	84.7	58.3	0	68.4	57.2	71.8	65.4	88.7	53.1	2.9	5.7			
23	2019-03-28T09:36:25	0.2443	0.3175	0.1546	0.452	63.13	-28.5	-15.47	417.35	542.25	748.45	0.2492	0.3264	0.3264	0.1553	0.4577	63.87	-29.61	-12.6	467.83	612.74	796.86	12097	0.035	0.0359	476.85	12.91	149.97	489.4				2.0473	72.5	61.9	81	84	61.2	69.2	80.8	84.4	57.5	0	67.9	56.5	71.4	64.8	88.6	52.3	3	5.7			
24	2019-03-28T09:36:55	0.2443	0.3177	0.1545	0.4521	63.15	-28.6	-15.43	419.05	544.94	751.53	0.2491	0.3265	0.3265	0.1552	0.4577	63.88	-29.68	-12.57	469.82	615.74	800.14	12097	0.035	0.036	476.85	12.97	150.26	489.4				2.052	72.3	61.6	80.8	83.9	61	69	80.7	84.3	57.1	0	67.6	56.3	71.3	64.6	88.5	51.9	3	5.7			
25	2019-03-28T09:37:25	0.2444	0.3176	0.1546	0.4521	63.15	-28.54	-15.42	421.49	547.77	755.21	0.2493	0.3265	0.3265	0.1553	0.4578	63.88	-29.62	-12.56	472.53	618.89	804.06	12097	0.035	0.0359	476.85	13.01	150.31	489.4				2.0597	72.4	61.7	80.9	84	61.1	69.1	80.8	84.3	57.2	0	67.7	56.4	71.3	64.7	88.6	52.1	3	5.7			
26	2019-03-28T09:37:55	0.2447	0.3176	0.1549	0.4522	63.15	-28.39	-15.39	422.27	548.02	755.06	0.2496	0.3265	0.3265	0.1555	0.4578	63.88	-29.48	-12.53	473.31	619.12	803.89	12081	0.035	0.0357	476.85	13.02	150.23	489.4				2.0602	72.6	62.1	81	84.1	61.4	69.3	80.9	84.5	57.5	0	68	56.8	71.4	65	88.7	52.4	3	5.7			
27	2019-03-28T09:38:25	0.2451	0.3177	0.1551	0.4522	63.15	-28.26	-15.33	420.36	544.85	749.94	0.2499	0.3265	0.3265	0.1557	0.4578	63.88	-29.36	-12.48	471.09	615.48	798.44	12016	0.034	0.0355	476.85	12.93	150.43	489.4				2.0498	72.8	62.3	81.2	84.2	61.6	69.5	81.1	84.5	57.8	0	68.3	57	71.6	65.3	88.7	52.8	2.9	5.7			
28	2019-03-28T09:38:55	0.2452	0.3176	0.1552	0.4522	63.14	-28.19	-15.35	417.44	540.73	744.55	0.25	0.3264	0.3264	0.1558	0.4578	63.87	-29.31	-12.49	467.75	610.87	792.68	12015	0.034	0.0354	476.85	12.85	150.29	489.4				2.0381	72.9	62.6	81.3	84.2	61.8	69.7	81.2	84.6	58.1	0	68.5	57.2	71.8	65.4	88.7	53	2.9	5.7			
29	2019-03-28T09:39:25	0.2448	0.3174	0.155	0.4521	63.13	-28.26	-15.43	415.67	538.83	743.16	0.2497	0.3263	0.3263	0.1556	0.4577	63.86	-29.39	-12.57	465.8	608.81	791.18	12087	0.035	0.0355	476.85	12.83	149.87	489.4				2.0332	72.9	62.4	81.2	84.2	61.7	69.6	81.1	84.6	58.1	0	68.3	57.1	71.7	65.3	88.7	52.9	2.9	5.7			
30	2019-03-28T09:39:55	0.2443	0.3171	0.1547	0.4518	63.1	-28.39	-15.57	414.2	537.63	743.53	0.2491	0.3261	0.3261	0.1554	0.4575	63.84	-29.52	-12.69	464.25	607.59	791.6	12153	0.035	0.0357	476.85	12.82	149.74	489.4				2.0307	72.6	62.1	81	84.1	61.4	69.3	80.9	84.5	57.8	0	68	56.7	71.5	65	88.6	52.6	3	5.7			
31	2019-03-28T09:40:25	0.2437	0.3168	0.1544	0.4516	63.08	-28.53	-15.71	414.83	539.23	747.87	0.2486	0.3258	0.3258	0.1551	0.4573	63.82	-29.67	-12.82	465.06	609.54	796.25	12223	0.035	0.036	476.85	12.88	149.66	489.3				2.0364	72.4	61.7	80.9	83.9	61	69	80.7	84.4	57.4	0	67.7	56.3	71.3	64.6	88.5	52.1	3	5.7			
32	2019-03-28T09:40:55	0.2435	0.3168	0.1542	0.4515	63.08	-28.64	-15.73	410.75	534.48	741.7	0.2484	0.3258	0.3258	0.1549	0.4572	63.82	-29.76	-12.85	460.57	604.18	789.68	12281	0.035	0.0361	476.85	12.78	149.47	489.3				2.0158	72.2	61.4	80.7	83.9	60.8	68.8	80.6	84.3	57.1	0	67.4	56	71	64.4	88.5	51.8	3	5.7			
33	2019-03-28T09:41:26	0.2434	0.3167	0.1542	0.4515	63.07	-28.66	-15.78	413.53	538.19	747.57	0.2482	0.3257	0.3257	0.1549	0.4572	63.81	-29.77	-12.89	463.72	608.42	795.96	12302	0.035	0.0361	476.85	12.89	149.58	489.3				2.0284	72.1	61.3	80.7	83.9	60.7	68.7	80.6	84.2	56.8	0	67.3	55.9	71	64.3	88.5	51.6	3	5.7			
34	2019-03-28T09:41:56	0.2434	0.3167	0.1542	0.4514	63.07	-28.61	-15.79	414.15	538.76	748.48	0.2483	0.3256	0.3256	0.1549	0.4571	63.81	-29.73	-12.9	464.4	609.06	796.93	12298	0.035	0.0361	476.85	12.9	149.54	489.3				2.0284	72.1	61.3	80.7	83.9	60.7	68.8	80.6	84.2	56.8	0	67.4	55.9	71	64.3	88.5	51.6	3	5.7			
35	2019-03-28T09:42:26	0.2435	0.3165	0.1543	0.4514	63.05	-28.53	-15.82	414.32	538.58	748.74	0.2483	0.3255	0.3255	0.155	0.4571	63.79	-29.66	-12.93	464.56	608.9	797.22	12302	0.035	0.036	476.85	12.9	149.64	489.3				2.0277	72.2	61.5	80.8	83.9	60.9	68.9	80.7	84.2	57	0	67.5	56.1	71.2	64.5	88.5	51.8	3	5.7			
36	2019-03-28T09:42:56	0.2435	0.3164	0.1544	0.4513	63.04	-28.45	-15.85	414.19	538.04	748.48	0.2484	0.3254	0.3254	0.155	0.457	63.78	-29.61	-12.96	464.36	608.33	796.96	12306	0.035	0.0359	476.85	12.9	149.38	489.3				2.0274	72.3	61.7	80.9	83.9	61	69.1	80.8	84.3	57.2	0	67.7	56.3	71.3	64.7	88.5	52	3	5.7			
37	2019-03-28T09:43:26	0.2432	0.3161	0.1543	0.4511	63.02	-28.48	-15.95	414.58	538.74	751.04	0.2481	0.3251	0.3251	0.1549	0.4568	63.77	-29.65	-13.05	464.82	609.25	799.74	12387	0.035	0.0359	476.85	12.94	149.38	489.2				2.0319	72.4	61.7	80.8	83.9	61	69.1	80.7	84.4	57.3	0	67.6	56.3	71.3	64.6	88.5	52.1	3	5.7			
38	2019-03-28T09:43:56	0.2429	0.3158	0.1541	0.4509	63	-28.54	-16.07	415.13	539.78	754.23	0.2477	0.3249	0.3249	0.1547	0.4566	63.75	-29.72	-13.16	465.46	610.54	803.16	12428	0.035	0.036	476.85	12.98	149.08	489.2				2.0398	72.3	61.5	80.8	83.8	60.9	69	80.7	84.3	57.3	0	67.5	56.1	71.2	64.5	88.5	52	3	5.7			
39	2019-03-28T09:44:26	0.2426	0.3157	0.1539	0.4508	62.99	-28.65	-16.13	413.44	538.19	752.9	0.2474	0.3248	0.3248	0.1545	0.4566	63.74	-29.83	-13.22	463.65	608.79	801.76	12475	0.035	0.0362	476.85	12.97	148.82	489.2				2.0346	72.1	61.3	80.6	83.8	60.7	68.8	80.5	84.3	57.1	0	67.2	55.8	71	64.2	88.4	51.7	3	5.7			
40	2019-03-28T09:44:56	0.2425	0.316	0.1538	0.4509	63.01	-28.75	-16.07	408.13	531.77	743.07	0.2474	0.325	0.325	0.1545	0.4567	63.76	-29.91	-13.16	457.75	601.46	791.26	12428	0.035	0.0363	476.85	12.79	149.24	489.2				2.009	71.9	61	80.5	83.7	60.4	68.5	80.4	84.2	56.7	0	67.1	55.5	70.9	64	88.3	51.3	3	5.7			
41	2019-03-28T09:45:26	0.2423	0.3159	0.1537	0.4508	63	-28.79	-16.12	406.48	529.85	741.16	0.2472	0.3249	0.3249	0.1544	0.4566	63.75	-29.94	-13.21	455.95	599.34	789.25	12527	0.035	0.0364	476.85	12.75	149.35	489.2				2.0003	71.9	60.9	80.4	83.8	60.3	68.5	80.3	84.2	56.6	0	66.8	55.4	70.7	63.9	88.4	51.2	3.1	5.7			
42	2019-03-28T09:45:56	0.2421	0.3156	0.1537	0.4506	62.98	-28.78	-16.21	408.07	531.9	745.41	0.247	0.3247	0.3247	0.1543	0.4564	63.73	-29.94	-13.3	457.76	601.76	793.8	12561	0.035	0.0364	476.85	12.83	149.22	489.2				2.0077	71.8	60.8	80.4	83.7	60.3	68.4	80.3	84.1	56.4	0	66.8	55.4	70.8	63.8	88.3	51	3.1	5.7			
43	2019-03-28T09:46:26	0.2421	0.3155	0.1537	0.4506	62.97	-28.75	-16.25	409.73	533.9	748.83	0.2469	0.3246	0.3246	0.1543	0.4564	63.72	-29.93	-13.33	459.59	604.08	797.44	12577	0.035	0.0364	476.85	12.9	148.81	489.2				2.0148	71.9	60.9	80.5	83.7	60.3	68.5	80.4	84.1	56.5	0	66.9	55.5	70.8	63.9	88.3	51.2	3.1	5.7			
44	2019-03-28T09:46:56	0.2421	0.3154	0.1537	0.4505	62.96	-28.73	-16.26	407.02	530.31	743.9	0.2469	0.3246	0.3246	0.1543	0.4563	63.72	-29.92	-13.34	456.55	600.03	792.21	12577	0.035	0.0363	476.85	12.81	148.83	489.2				2.0012	71.9	61	80.5	83.7	60.4	68.5	80.4	84.1	56.6	0	67	55.5	70.9	64	88.4	51.3	3.1	5.7			
45	2019-03-28T09:47:26	0.242	0.3154	0.1536	0.4505	62.96	-28.76	-16.27	406.03	529.16	742.51	0.2469	0.3245	0.3245	0.1543	0.4563	63.72	-29.95	-13.35	455.44	598.75	790.72	12579	0.035	0.0364	476.85	12.79	148.73	489.2				1.9972	71.9	61	80.5	83.7	60.4	68.5	80.4	84.2	56.7	0	67	55.5	70.9	63.9	88.3	51.3	3.1	5.7			
46	2019-03-28T09:47:56	0.2417	0.315	0.1535	0.4503	62.93	-28.78	-16.41	408.88	533.01	749.96	0.2465	0.3242	0.3242	0.1541	0.4561	63.69	-29.98	-13.48	458.67	603.23	798.72	12650	0.035	0.0364	476.85	12.9	148.54	489.1				2.0144	71.9	60.9	80.4	83.7	60.3	68.5	80.3	84.2	56.7	0	66.9	55.4	70.8	63.8	88.3	51.2	3.1	5.7			
47	2019-03-28T09:48:26	0.2415	0.315	0.1534	0.4502	62.93	-28.84	-16.43	406.37	530.07	746.15	0.2464	0.3242	0.3242	0.154	0.4561	63.69	-30.04	-13.49	455.88	599.94	794.63	12658	0.035	0.0365	476.85	12.84	148.45	489.1				2.0033	71.8	60.7	80.4	83.6	60.2	68.4	80.2	84.1	56.5	0	66.8	55.2	70.8	63.7	88.3	51.1	3.1	5.7			
48	2019-03-28T09:48:56	0.2412	0.3148	0.1533	0.4501	62.91	-28.87	-16.53	404.78	528.2	745	0.2461	0.324	0.324	0.1539	0.4559	63.67	-30.09	-13.59	454.13	597.91	793.44	12742	0.036	0.0366	476.85	12.82	148.46	489.1				1.9989	71.7	60.6	80.3	83.6	60.1	68.3	80.2	84.1	56.5	0	66.6	55.1	70.7	63.6	88.3	50.9	3.1	5.7			
49	2019-03-28T09:49:26	0.2408	0.3143	0.1531	0.4497	62.87	-28.89	-16.69	407.36	531.74	752.56	0.2456	0.3236	0.3236	0.1537	0.4556	63.64	-30.12	-13.74	457.09	602.09	801.57	12858	0.036	0.0367	476.85	12.95	148.29	489.1				2.0134	71.6	60.4	80.2	83.5	59.9	68.2	80.1	84.1	56.3	0	66.5	55	70.6	63.5	88.2	50.8	3.1	5.8			
50	2019-03-28T09:49:56	0.2406	0.3141	0.1531	0.4495	62.85	-28.89	-16.79	408.46	533.21	756.18	0.2454	0.3233	0.3233	0.1536	0.4555	63.62	-30.13	-13.84	458.34	603.85	805.46	12859	0.036	0.0367	476.85	12.99	148.24	489				2.021	71.5	60.3	80.2	83.4	59.8	68.1	80.1	84	56.2	0	66.5	54.8	70.6	63.4	88.2	50.6	3.1	5.8			
51	2019-03-28T09:50:26	0.2405	0.3139	0.153	0.4494	62.83	-28.88	-16.85	409.97	535.14	759.83	0.2453	0.3232	0.3232	0.1536	0.4553	63.6	-30.12	-13.89	460.06	606.09	809.4	12874	0.036	0.0367	476.85	13.05	148.24	489				2.0283	71.5	60.3	80.2	83.4	59.8	68.1	80.1	84	56.1	0	66.5	54.8	70.7	63.4	88.1	50.6	3.1	5.8			
52	2019-03-28T09:50:56	0.2404	0.3138	0.153	0.4494	62.83	-28.89	-16.86	408.2	532.87	756.79	0.2452	0.3231	0.3231	0.1536	0.4553	63.6	-30.14	-13.9	458.06	603.53	806.15	12887	0.036	0.0367	476.85	12.99	148.15	489				2.0186	71.5	60.3	80.2	83.4	59.8	68.1	80.1	84	56.1	0	66.5	54.8	70.7	63.4	88.1	50.6	3.1	5.8			
53	2019-03-28T09:51:26	0.2403	0.3137	0.1529	0.4493	62.82	-28.89	-16.92	406.15	530.26	754	0.2451	0.323	0.323	0.1535	0.4552	63.59	-30.15	-13.96	455.78	600.63	803.21	12958	0.036	0.0367	476.85	12.95	148.05	489				2.0101	71.5	60.3	80.2	83.4	59.8	68.1	80.1	84	56.2	0	66.4	54.8	70.6	63.3	88.2	50.6	3.1	5.8			
54	2019-03-28T09:51:56	0.2402	0.3137	0.1529	0.4493	62.82	-28.91	-16.93	405.04	528.89	752.26	0.245	0.323	0.323	0.1535	0.4552	63.59	-30.17	-13.97	454.54	599.1	801.35	12958	0.036	0.0367	476.85	12.93	147.93	489				2.0035	71.5	60.3	80.1	83.4	59.8	68.1	80.1	84	56.2	0	66.4	54.8	70.6	63.3	88.2	50.6	3.1	5.8			
55	2019-03-28T09:52:26	0.24	0.3134	0.1528	0.4491	62.8	-28.92	-17.01	405.48	529.56	754.44	0.2448	0.3228	0.3228	0.1534	0.4551	63.57	-30.19	-14.05	455.06	599.94	803.72	12991	0.036	0.0368	476.85	12.95	148.02	489				2.0078	71.4	60.2	80.1	83.4	59.7	68	80	84	56.1	0	66.3	54.7	70.6	63.2	88.1	50.5	3.1	5.8			
56	2019-03-28T09:52:56	0.2397	0.3131	0.1527	0.4489	62.77	-28.92	-17.12	408.38	533.41	761.68	0.2446	0.3225	0.3225	0.1533	0.4549	63.55	-30.21	-14.15	458.33	604.41	811.44	13044	0.036	0.0368	476.85	13.09	147.63	488.9				2.0244	71.4	60.1	80.1	83.3	59.6	68	80	84	56.1	0	66.3	54.5	70.6	63.1	88.1	50.4	3.2	5.8			
57	2019-03-28T09:53:26	0.2396	0.313	0.1527	0.4488	62.76	-28.93	-17.17	407.77	532.67	761.33	0.2444	0.3224	0.3224	0.1533	0.4548	63.54	-30.22	-14.19	457.66	603.62	811.09	13095	0.036	0.0368	476.85	13.08	147.62	488.9				2.0222	71.4	60.1	80	83.3	59.6	68	80	84	56	0	66.2	54.5	70.5	63.1	88.1	50.4	3.2	5.8			
58	2019-03-28T09:53:57	0.2396	0.3129	0.1527	0.4488	62.75	-28.92	-17.19	405.68	529.91	757.75	0.2444	0.3223	0.3223	0.1532	0.4547	63.53	-30.21	-14.22	455.33	600.51	807.32	13110	0.036	0.0368	476.85	13	147.77	488.9				2.0132	71.4	60.1	80	83.3	59.6	68	80	84	56	0	66.2	54.5	70.5	63.1	88.1	50.4	3.2	5.8			
59	2019-03-28T09:54:26	0.2394	0.3127	0.1526	0.4486	62.74	-28.94	-17.27	409.94	535.61	767.05	0.2442	0.3221	0.3221	0.1532	0.4546	63.52	-30.24	-14.28	460.12	607.05	817.24	13190	0.036	0.0369	476.85	13.17	147.55	488.9				2.0354	71.4	60.1	80	83.4	59.6	67.9	79.9	84	56	0	66.1	54.5	70.4	63.1	88.1	50.4	3.2	5.8			
60	2019-03-28T09:54:57	0.2394	0.3128	0.1526	0.4487	62.75	-28.96	-17.24	408.76	534.15	764.56	0.2442	0.3222	0.3222	0.1531	0.4547	63.53	-30.26	-14.26	458.8	605.38	814.56	13143	0.036	0.0369	476.85	13.13	147.59	488.9				2.0295	71.3	60	80	83.3	59.5	67.9	79.9	83.9	55.9	0	66.1	54.4	70.5	63	88.1	50.3	3.2	5.8			
61	2019-03-28T09:55:26	0.239	0.3124	0.1525	0.4484	62.71	-28.97	-17.39	412.59	539.25	774.17	0.2438	0.3219	0.3219	0.153	0.4544	63.5	-30.28	-14.4	463.13	611.3	824.86	13237	0.036	0.0369	476.85	13.28	147.5	488.8				2.0508	71.3	59.9	79.9	83.2	59.4	67.8	79.9	83.9	55.9	0	66	54.3	70.4	62.9	88	50.2	3.2	5.8			
62	2019-03-28T09:55:57	0.2389	0.3123	0.1524	0.4483	62.7	-28.98	-17.43	413.55	540.58	776.78	0.2437	0.3217	0.3217	0.153	0.4543	63.49	-30.3	-14.44	464.24	612.86	827.7	13237	0.036	0.037	476.85	13.33	147.53	488.8				2.0565	71.2	59.8	79.9	83.2	59.4	67.8	79.9	83.9	55.8	0	66	54.2	70.4	62.9	88	50.1	3.2	5.8			
63	2019-03-28T09:56:27	0.2389	0.3122	0.1524	0.4482	62.69	-28.96	-17.46	411.23	537.49	772.87	0.2437	0.3217	0.3217	0.1529	0.4543	63.48	-30.29	-14.47	461.63	609.38	823.53	13237	0.036	0.037	476.85	13.26	147.51	488.8				2.0451	71.2	59.8	79.9	83.1	59.4	67.8	79.9	83.9	55.8	0	66.1	54.2	70.5	62.9	88	50.2	3.2	5.8			
64	2019-03-28T09:56:57	0.2388	0.3122	0.1524	0.4482	62.69	-28.97	-17.47	408.29	533.69	767.48	0.2436	0.3217	0.3217	0.1529	0.4543	63.48	-30.3	-14.47	458.33	605.09	817.77	13239	0.036	0.037	476.85	13.16	147.45	488.8				2.0308	71.2	59.8	79.9	83.1	59.3	67.8	79.9	83.9	55.8	0	66.1	54.2	70.5	62.9	88	50.1	3.2	5.8			
65	2019-03-28T09:57:27	0.2386	0.3119	0.1523	0.448	62.67	-28.96	-17.56	405.55	530.08	763.84	0.2434	0.3214	0.3214	0.1529	0.4541	63.46	-30.29	-14.57	455.27	601.08	813.94	13280	0.036	0.037	476.85	13.09	147.38	488.8				2.0179	71.1	59.7	79.9	83.1	59.2	67.7	79.9	83.8	55.7	0	66	54.1	70.5	62.8	87.9	50	3.2	5.8			
66	2019-03-28T09:57:57	0.2385	0.3117	0.1523	0.4479	62.65	-28.97	-17.63	405.9	530.63	765.6	0.2433	0.3212	0.3212	0.1528	0.454	63.44	-30.31	-14.63	455.68	601.77	815.86	13354	0.036	0.037	476.85	13.13	147.3	488.8				2.0208	71.1	59.7	79.9	83.1	59.3	67.7	79.8	83.9	55.8	0	65.9	54.1	70.4	62.8	88	50	3.2	5.8			
67	2019-03-28T09:58:27	0.2383	0.3116	0.1522	0.4478	62.64	-28.97	-17.7	405.68	530.4	766.35	0.2431	0.3211	0.3211	0.1527	0.4539	63.43	-30.33	-14.69	455.45	601.58	816.67	13436	0.036	0.037	476.85	13.13	147.32	488.7				2.0203	71.1	59.7	79.8	83.2	59.3	67.7	79.8	83.9	55.8	0	65.8	54.1	70.3	62.7	88	50	3.2	5.8			
68	2019-03-28T09:58:57	0.2382	0.3115	0.1522	0.4478	62.64	-28.99	-17.71	405.19	529.83	765.7	0.243	0.321	0.321	0.1527	0.4538	63.43	-30.34	-14.7	454.91	600.94	815.99	13436	0.036	0.0371	476.85	13.13	147.02	488.7				2.018	71.1	59.7	79.8	83.2	59.2	67.7	79.8	83.9	55.8	0	65.8	54.1	70.3	62.7	88	50	3.2	5.8			
69	2019-03-28T09:59:27	0.2382	0.3115	0.1522	0.4477	62.63	-28.98	-17.72	404.87	529.39	765.31	0.243	0.321	0.321	0.1527	0.4538	63.42	-30.34	-14.72	454.56	600.46	815.6	13436	0.036	0.037	476.85	13.12	147.22	488.7				2.0171	71.1	59.7	79.8	83.1	59.2	67.7	79.8	83.9	55.7	0	65.8	54.1	70.4	62.7	88	50	3.2	5.8			
70	2019-03-28T09:59:57	0.2383	0.3116	0.1522	0.4478	62.64	-28.99	-17.69	403.94	528.23	763.2	0.243	0.3211	0.3211	0.1527	0.4539	63.43	-30.35	-14.69	453.52	599.12	813.33	13436	0.036	0.0371	476.85	13.08	147.3	488.7				2.0121	71.1	59.7	79.8	83.1	59.2	67.7	79.8	83.9	55.7	0	65.8	54.1	70.3	62.7	88	50	3.2	5.8			
71	2019-03-28T10:00:27	0.2382	0.3116	0.1521	0.4478	62.64	-29.03	-17.71	402.18	526.09	760.28	0.243	0.3211	0.3211	0.1527	0.4538	63.43	-30.37	-14.7	451.57	596.69	810.23	13436	0.036	0.0371	476.85	13.02	147.24	488.7				2.0033	71.1	59.6	79.8	83.1	59.1	67.6	79.7	83.9	55.6	0	65.7	54	70.3	62.6	88	49.9	3.2	5.8			
72	2019-03-28T10:00:57	0.2381	0.3115	0.1521	0.4477	62.63	-29.03	-17.74	401.91	525.74	760.26	0.2429	0.321	0.321	0.1526	0.4538	63.43	-30.38	-14.73	451.26	596.35	810.19	13436	0.036	0.0371	476.85	13.02	147.15	488.7				2.0023	71	59.6	79.8	83.1	59.1	67.6	79.7	83.8	55.6	0	65.8	53.9	70.3	62.6	87.9	49.9	3.2	5.8			
73	2019-03-28T10:01:27	0.2381	0.3114	0.1521	0.4476	62.62	-29	-17.77	402.45	526.35	761.63	0.2429	0.3209	0.3209	0.1526	0.4537	63.42	-30.36	-14.76	451.86	597.06	811.69	13436	0.036	0.0371	476.85	13.04	147.21	488.7				2.0056	71	59.6	79.8	83	59.1	67.6	79.8	83.8	55.6	0	65.8	54	70.4	62.6	87.9	49.9	3.2	5.8			
74	2019-03-28T10:01:57	0.2382	0.3115	0.1522	0.4477	62.63	-28.99	-17.73	403.12	527.15	762.13	0.243	0.321	0.321	0.1527	0.4538	63.43	-30.35	-14.72	452.6	597.93	812.19	13436	0.036	0.0371	476.85	13.05	147.13	488.7				2.0085	71.1	59.7	79.8	83.1	59.2	67.7	79.8	83.9	55.7	0	65.8	54	70.3	62.7	88	50	3.2	5.8			
75	2019-03-28T10:02:27	0.238	0.3114	0.1521	0.4476	62.62	-29.03	-17.77	403.88	528.33	764.47	0.2428	0.3209	0.3209	0.1526	0.4537	63.42	-30.38	-14.76	453.48	599.31	814.7	13436	0.036	0.0371	476.85	13.08	147.2	488.7				2.0124	71	59.5	79.8	83	59.1	67.6	79.7	83.8	55.6	0	65.8	53.9	70.3	62.6	87.9	49.8	3.2	5.8			
76	2019-03-28T10:02:57	0.238	0.3115	0.1521	0.4477	62.63	-29.07	-17.74	402.86	527.2	762.36	0.2428	0.321	0.321	0.1526	0.4538	63.43	-30.42	-14.73	452.34	598	812.43	13436	0.036	0.0372	476.85	13.06	147.22	488.7				2.0074	71	59.5	79.8	83	59.1	67.6	79.7	83.8	55.6	0	65.7	53.9	70.3	62.6	87.9	49.8	3.2	5.8			
77	2019-03-28T10:03:27	0.2379	0.3114	0.152	0.4476	62.62	-29.05	-17.79	403.49	527.98	764.28	0.2427	0.3209	0.3209	0.1525	0.4537	63.42	-30.42	-14.77	453.05	598.94	814.49	13441	0.036	0.0372	476.85	13.09	147.1	488.7				2.0115	71	59.5	79.8	83	59	67.5	79.7	83.8	55.6	0	65.7	53.8	70.3	62.5	87.9	49.8	3.2	5.8			
78	2019-03-28T10:03:57	0.2379	0.3114	0.152	0.4476	62.62	-29.06	-17.78	400.47	524.05	758.52	0.2427	0.3209	0.3209	0.1525	0.4537	63.42	-30.42	-14.77	449.66	594.49	808.34	13441	0.036	0.0372	476.85	12.99	147.12	488.7				1.9966	71	59.5	79.8	83	59	67.6	79.7	83.8	55.5	0	65.8	53.8	70.3	62.5	87.9	49.8	3.2	5.8			
79	2019-03-28T10:04:27	0.2378	0.3112	0.152	0.4475	62.61	-29.03	-17.85	397.77	520.4	754.23	0.2426	0.3207	0.3207	0.1525	0.4536	63.4	-30.4	-14.83	446.63	590.39	803.84	13462	0.036	0.0371	476.85	12.9	147.2	488.7				1.9832	71	59.5	79.8	83	59	67.6	79.7	83.8	55.5	0	65.8	53.8	70.3	62.5	87.9	49.8	3.2	5.8			
80	2019-03-28T10:04:57	0.2377	0.311	0.152	0.4474	62.59	-29.02	-17.91	396.38	518.58	752.61	0.2425	0.3205	0.3205	0.1525	0.4535	63.39	-30.4	-14.89	445.08	588.4	802.13	13541	0.036	0.0372	476.85	12.88	147.04	488.7				1.9778	71	59.5	79.7	83	59.1	67.6	79.7	83.8	55.6	0	65.7	53.9	70.3	62.5	87.9	49.8	3.2	5.8			
81	2019-03-28T10:05:27	0.2375	0.3107	0.1519	0.4472	62.57	-29.03	-18	394.23	515.86	750.08	0.2422	0.3203	0.3203	0.1524	0.4533	63.37	-30.43	-14.98	442.69	585.4	799.45	13567	0.036	0.0372	476.85	12.84	146.94	488.6				1.9684	70.9	59.4	79.7	82.9	58.9	67.5	79.7	83.8	55.5	0	65.7	53.7	70.3	62.4	87.8	49.7	3.2	5.8			
82	2019-03-28T10:05:57	0.2375	0.3107	0.1519	0.4471	62.56	-29.01	-18.02	392.84	513.93	747.56	0.2422	0.3203	0.3203	0.1524	0.4533	63.36	-30.41	-15	441.11	583.24	796.78	13567	0.036	0.0372	476.85	12.78	146.92	488.6				1.9614	70.9	59.4	79.7	82.9	59	67.5	79.7	83.8	55.5	0	65.7	53.8	70.4	62.5	87.8	49.8	3.2	5.8			
83	2019-03-28T10:06:27	0.2374	0.3106	0.1519	0.4471	62.55	-29.02	-18.06	393.71	515.14	749.88	0.2421	0.3202	0.3202	0.1523	0.4532	63.36	-30.42	-15.03	442.12	584.63	799.29	13567	0.036	0.0372	476.85	12.83	146.95	488.6				1.9664	70.9	59.4	79.7	82.9	58.9	67.5	79.7	83.7	55.5	0	65.7	53.7	70.4	62.4	87.8	49.7	3.2	5.8			
84	2019-03-28T10:06:57	0.2372	0.3105	0.1518	0.447	62.55	-29.05	-18.09	397.02	519.65	756.91	0.242	0.3201	0.3201	0.1523	0.4532	63.35	-30.45	-15.06	445.86	589.79	806.81	13709	0.036	0.0372	476.85	12.94	146.92	488.6				1.9827	71	59.4	79.6	83	59	67.5	79.6	83.8	55.6	0	65.5	53.8	70.2	62.4	87.9	49.7	3.3	5.8			
85	2019-03-28T10:07:27	0.2373	0.3104	0.1518	0.447	62.55	-29.01	-18.1	400.95	524.57	764.21	0.242	0.3201	0.3201	0.1523	0.4532	63.35	-30.41	-15.07	450.25	595.38	814.6	13709	0.036	0.0372	476.85	13.05	147.03	488.6				2.0021	71	59.4	79.7	83.1	59	67.6	79.7	83.9	55.6	0	65.6	53.8	70.2	62.5	87.9	49.8	3.2	5.8			
86	2019-03-28T10:07:57	0.2371	0.3103	0.1518	0.4469	62.53	-29.03	-18.15	405	530.02	772.99	0.2419	0.3199	0.3199	0.1522	0.4531	63.34	-30.44	-15.12	454.82	601.62	823.96	13709	0.036	0.0372	476.85	13.21	146.8	488.6				2.0248	70.9	59.3	79.7	83	58.9	67.5	79.6	83.8	55.6	0	65.5	53.7	70.2	62.4	87.9	49.7	3.3	5.8			
87	2019-03-28T10:08:27	0.2369	0.3101	0.1517	0.4467	62.51	-29.03	-18.23	407.49	533.29	779.08	0.2417	0.3197	0.3197	0.1522	0.4529	63.32	-30.45	-15.2	457.62	605.41	830.48	13723	0.036	0.0372	476.85	13.3	146.83	488.6				2.0385	70.9	59.3	79.6	82.9	58.8	67.4	79.6	83.8	55.5	0	65.6	53.6	70.3	62.3	87.8	49.6	3.3	5.8			
88	2019-03-28T10:08:58	0.2368	0.3099	0.1516	0.4466	62.5	-29.05	-18.29	407.49	533.43	780.2	0.2415	0.3196	0.3196	0.1521	0.4528	63.31	-30.48	-15.25	457.66	605.63	831.73	13723	0.036	0.0373	476.85	13.33	146.88	488.6				2.0394	70.8	59.2	79.6	82.8	58.7	67.4	79.6	83.7	55.4	0	65.5	53.5	70.3	62.2	87.7	49.5	3.3	5.8			
89	2019-03-28T10:09:28	0.2368	0.3099	0.1517	0.4466	62.5	-29.03	-18.28	402.22	526.41	769.74	0.2416	0.3196	0.3196	0.1521	0.4528	63.31	-30.46	-15.24	451.72	597.65	820.55	13723	0.036	0.0373	476.85	13.15	146.76	488.6				2.013	70.8	59.2	79.6	82.8	58.8	67.4	79.6	83.7	55.4	0	65.6	53.6	70.3	62.3	87.8	49.6	3.3	5.8			
90	2019-03-28T10:09:58	0.2368	0.3099	0.1517	0.4466	62.5	-29.03	-18.3	397.88	520.75	761.84	0.2415	0.3195	0.3195	0.1521	0.4528	63.31	-30.46	-15.26	446.85	591.24	812.15	13723	0.036	0.0373	476.85	13.01	146.78	488.6				1.9914	70.8	59.2	79.6	82.8	58.8	67.4	79.6	83.7	55.4	0	65.6	53.5	70.3	62.3	87.8	49.6	3.3	5.8			
91	2019-03-28T10:10:28	0.2367	0.3097	0.1516	0.4465	62.48	-29.01	-18.36	394.01	515.59	755.21	0.2414	0.3194	0.3194	0.1521	0.4527	63.29	-30.45	-15.32	442.5	585.44	805.12	13756	0.036	0.0373	476.85	12.89	146.8	488.5				1.9729	70.8	59.2	79.6	82.8	58.8	67.4	79.6	83.7	55.4	0	65.6	53.5	70.3	62.3	87.7	49.6	3.3	5.8			
92	2019-03-28T10:10:58	0.2366	0.3096	0.1516	0.4464	62.48	-29.01	-18.38	391.16	511.88	750.14	0.2413	0.3193	0.3193	0.152	0.4526	63.29	-30.45	-15.34	439.31	581.26	799.72	13756	0.036	0.0373	476.85	12.8	146.69	488.5				1.9593	70.8	59.2	79.6	82.7	58.8	67.4	79.6	83.7	55.4	0	65.6	53.5	70.3	62.3	87.7	49.6	3.3	5.8			
93	2019-03-28T10:11:28	0.2367	0.3097	0.1516	0.4465	62.48	-29.01	-18.36	389.67	509.91	746.97	0.2414	0.3194	0.3194	0.1521	0.4527	63.29	-30.45	-15.32	437.63	579	796.35	13756	0.036	0.0373	476.85	12.75	146.67	488.5				1.9517	70.8	59.2	79.6	82.8	58.8	67.4	79.6	83.7	55.4	0	65.6	53.5	70.3	62.3	87.7	49.6	3.3	5.8			
94	2019-03-28T10:11:58	0.2366	0.3096	0.1516	0.4464	62.48	-29.02	-18.38	387.34	506.94	742.88	0.2413	0.3193	0.3193	0.152	0.4526	63.29	-30.46	-15.34	435.03	575.65	791.99	13756	0.036	0.0373	476.85	12.67	146.79	488.5				1.941	70.8	59.2	79.6	82.7	58.8	67.4	79.6	83.7	55.4	0	65.6	53.5	70.3	62.3	87.7	49.6	3.3	5.8			
95	2019-03-28T10:12:28	0.2366	0.3096	0.1516	0.4464	62.48	-29	-18.39	383.51	501.82	735.44	0.2413	0.3193	0.3193	0.1521	0.4526	63.28	-30.44	-15.35	430.72	569.83	784.08	13756	0.036	0.0372	476.85	12.55	146.75	488.5				1.9207	70.8	59.2	79.6	82.8	58.8	67.4	79.6	83.7	55.4	0	65.6	53.5	70.4	62.3	87.7	49.6	3.3	5.8			
96	2019-03-28T10:12:58	0.2367	0.3097	0.1516	0.4465	62.48	-29.01	-18.36	380.05	497.32	728.52	0.2414	0.3194	0.3194	0.1521	0.4527	63.29	-30.44	-15.32	426.83	564.69	776.68	13756	0.036	0.0373	476.85	12.43	146.68	488.5				1.9034	70.8	59.2	79.6	82.8	58.8	67.4	79.6	83.7	55.4	0	65.6	53.5	70.3	62.3	87.7	49.6	3.3	5.8			
97	2019-03-28T10:13:28	0.2365	0.3095	0.1516	0.4463	62.46	-29	-18.43	379.7	496.89	728.96	0.2412	0.3192	0.3192	0.152	0.4525	63.27	-30.45	-15.39	426.45	564.28	777.2	13872	0.036	0.0373	476.85	12.44	146.79	488.5				1.9026	70.9	59.3	79.6	82.9	58.9	67.4	79.6	83.8	55.6	0	65.5	53.6	70.3	62.3	87.8	49.6	3.3	5.8			
98	2019-03-28T10:13:58	0.2363	0.3092	0.1515	0.4461	62.44	-28.99	-18.52	379.45	496.55	729.76	0.241	0.3189	0.3189	0.1519	0.4524	63.26	-30.45	-15.48	426.19	563.96	778.1	13932	0.036	0.0373	476.85	12.45	146.59	488.5				1.9029	70.9	59.2	79.6	82.9	58.9	67.4	79.6	83.8	55.6	0	65.4	53.6	70.2	62.3	87.8	49.6	3.3	5.8			
99	2019-03-28T10:14:28	0.2361	0.309	0.1515	0.446	62.42	-28.99	-18.6	381.05	498.68	734.15	0.2408	0.3187	0.3187	0.1519	0.4522	63.24	-30.47	-15.55	428	566.48	782.8	13956	0.036	0.0373	476.85	12.51	146.58	488.5				1.9117	70.8	59.2	79.6	82.8	58.8	67.4	79.5	83.8	55.5	0	65.4	53.5	70.3	62.2	87.8	49.6	3.3	5.8			
100	2019-03-28T10:14:58	0.2359	0.3088	0.1514	0.4458	62.41	-29	-18.67	383.88	502.43	740.68	0.2406	0.3186	0.3186	0.1518	0.4521	63.22	-30.48	-15.62	431.19	570.8	789.8	13988	0.036	0.0373	476.85	12.62	146.66	488.4				1.9274	70.8	59.1	79.6	82.7	58.7	67.3	79.5	83.7	55.4	0	65.4	53.4	70.3	62.1	87.7	49.5	3.3	5.8			
101	2019-03-28T10:15:28	0.2358	0.3086	0.1514	0.4457	62.39	-28.98	-18.74	386.09	505.26	745.88	0.2405	0.3184	0.3184	0.1518	0.452	63.21	-30.47	-15.68	433.67	574.08	795.38	13988	0.036	0.0373	476.85	12.7	146.48	488.4				1.939	70.7	59.1	79.6	82.7	58.6	67.3	79.5	83.7	55.4	0	65.5	53.3	70.3	62.1	87.7	49.5	3.3	5.8			
102	2019-03-28T10:15:58	0.2357	0.3085	0.1513	0.4457	62.38	-29	-18.76	385.72	504.87	745.71	0.2404	0.3183	0.3183	0.1517	0.4519	63.2	-30.49	-15.7	433.27	573.66	795.2	14097	0.036	0.0374	476.85	12.7	146.41	488.4				1.9376	70.8	59.1	79.5	82.8	58.7	67.3	79.5	83.8	55.5	0	65.3	53.4	70.2	62.1	87.8	49.5	3.3	5.8			
103	2019-03-28T10:16:28	0.2357	0.3085	0.1513	0.4456	62.38	-29.02	-18.77	381.39	499.31	737.57	0.2404	0.3183	0.3183	0.1517	0.4519	63.2	-30.52	-15.71	428.41	567.35	786.5	14097	0.036	0.0374	476.85	12.56	146.51	488.4				1.9159	70.8	59.1	79.5	82.8	58.7	67.3	79.5	83.8	55.5	0	65.3	53.4	70.2	62.1	87.7	49.5	3.3	5.8			
104	2019-03-28T10:16:58	0.2357	0.3085	0.1513	0.4456	62.38	-29	-18.78	378.98	496.06	732.92	0.2404	0.3183	0.3183	0.1517	0.4519	63.2	-30.49	-15.72	425.71	563.67	781.59	14097	0.036	0.0374	476.85	12.48	146.57	488.4				1.9042	70.8	59.1	79.5	82.8	58.7	67.3	79.5	83.8	55.5	0	65.3	53.4	70.2	62.1	87.8	49.5	3.3	5.8			
105	2019-03-28T10:17:28	0.2356	0.3084	0.1513	0.4456	62.37	-28.99	-18.81	373.47	488.85	722.7	0.2403	0.3182	0.3182	0.1517	0.4519	63.19	-30.49	-15.75	419.52	555.49	770.69	14123	0.036	0.0374	476.85	12.3	146.42	488.4				1.8772	70.8	59.1	79.5	82.8	58.7	67.3	79.5	83.8	55.5	0	65.3	53.4	70.2	62.1	87.7	49.5	3.3	5.8			
106	2019-03-28T10:17:58	0.2355	0.3084	0.1512	0.4455	62.37	-29.02	-18.83	368.97	483.06	714.48	0.2402	0.3182	0.3182	0.1516	0.4518	63.19	-30.52	-15.77	414.49	548.94	761.95	14145	0.036	0.0374	476.85	12.16	146.35	488.4				1.8547	70.7	59	79.5	82.8	58.7	67.3	79.4	83.8	55.4	0	65.2	53.4	70.2	62	87.7	49.4	3.3	5.8			
107	2019-03-28T10:18:28	0.2354	0.3082	0.1512	0.4454	62.36	-29.04	-18.88	367.3	480.99	712.15	0.2401	0.3181	0.3181	0.1516	0.4517	63.18	-30.54	-15.81	412.62	546.65	759.47	14179	0.036	0.0374	476.85	12.11	146.46	488.4				1.8463	70.7	59	79.4	82.8	58.6	67.3	79.4	83.8	55.4	0	65.2	53.3	70.1	62	87.7	49.4	3.3	5.8			
108	2019-03-28T10:18:58	0.2354	0.3083	0.1512	0.4455	62.36	-29.04	-18.86	363.73	476.34	704.94	0.2401	0.3181	0.3181	0.1516	0.4518	63.19	-30.55	-15.79	408.61	541.35	751.75	14151	0.036	0.0374	476.85	11.98	146.47	488.4				1.8284	70.7	59	79.4	82.7	58.6	67.3	79.4	83.8	55.4	0	65.2	53.3	70.2	62	87.7	49.4	3.3	5.8			
109	2019-03-28T10:19:28	0.2355	0.3084	0.1512	0.4455	62.37	-29.07	-18.83	363.43	476.06	704.06	0.2402	0.3182	0.3182	0.1516	0.4519	63.2	-30.57	-15.76	408.28	541.01	750.8	14151	0.036	0.0375	476.85	11.98	146.49	488.4				1.8272	70.7	59	79.4	82.7	58.6	67.2	79.4	83.8	55.4	0	65.2	53.3	70.1	62	87.7	49.4	3.3	5.8			
110	2019-03-28T10:19:58	0.2352	0.3082	0.1511	0.4454	62.35	-29.07	-18.92	366.08	479.58	710.64	0.2399	0.318	0.318	0.1515	0.4517	63.18	-30.59	-15.85	411.27	545.09	757.85	14256	0.036	0.0375	476.85	12.09	146.36	488.4				1.8414	70.7	58.9	79.4	82.8	58.6	67.2	79.4	83.8	55.4	0	65.1	53.3	70.1	61.9	87.7	49.3	3.3	5.8			
111	2019-03-28T10:20:28	0.235	0.3078	0.151	0.4451	62.32	-29.04	-19.05	370.21	484.89	720.43	0.2397	0.3176	0.3176	0.1514	0.4514	63.15	-30.58	-15.97	415.92	551.25	768.35	14298	0.036	0.0375	476.85	12.24	146.31	488.3				1.8646	70.7	58.9	79.4	82.7	58.5	67.2	79.4	83.8	55.4	0	65.1	53.2	70.1	61.9	87.7	49.3	3.3	5.8			
112	2019-03-28T10:20:58	0.2348	0.3075	0.151	0.4449	62.3	-29.05	-19.13	371.76	486.98	724.71	0.2394	0.3174	0.3174	0.1513	0.4513	63.13	-30.59	-16.05	417.67	553.7	772.94	14377	0.036	0.0375	476.85	12.29	146.3	488.3				1.8733	70.6	58.8	79.3	82.7	58.5	67.2	79.3	83.8	55.4	0	65	53.2	70.1	61.9	87.7	49.3	3.3	5.8			
113	2019-03-28T10:21:28	0.2348	0.3077	0.151	0.445	62.31	-29.06	-19.09	367.59	481.58	716.1	0.2395	0.3175	0.3175	0.1513	0.4514	63.14	-30.6	-16.01	413	547.52	763.76	14377	0.036	0.0375	476.85	12.16	146.3	488.3				1.8527	70.7	58.9	79.3	82.8	58.6	67.2	79.3	83.8	55.4	0	65	53.2	70	61.9	87.7	49.3	3.3	5.8			
114	2019-03-28T10:21:58	0.2348	0.3076	0.151	0.445	62.31	-29.05	-19.1	364.96	478.1	711.07	0.2395	0.3175	0.3175	0.1513	0.4514	63.14	-30.59	-16.02	410.04	543.56	758.41	14377	0.036	0.0375	476.85	12.07	146.18	488.3				1.8386	70.7	58.9	79.3	82.8	58.6	67.2	79.3	83.8	55.4	0	65	53.2	70.1	61.9	87.7	49.3	3.3	5.8			
115	2019-03-28T10:22:29	0.2349	0.3077	0.151	0.4451	62.31	-29.04	-19.07	357.55	468.3	696	0.2396	0.3176	0.3176	0.1514	0.4514	63.14	-30.57	-15.99	401.71	532.39	742.35	14298	0.036	0.0375	476.85	11.82	146.38	488.3				1.8011	70.7	58.9	79.4	82.7	58.6	67.2	79.4	83.8	55.4	0	65.1	53.2	70.1	61.9	87.7	49.3	3.3	5.8			
116	2019-03-28T10:22:59	0.2348	0.3075	0.151	0.4449	62.3	-29.03	-19.14	355.11	465.09	692.29	0.2395	0.3174	0.3174	0.1513	0.4513	63.13	-30.57	-16.06	398.98	528.81	738.42	14377	0.036	0.0375	476.85	11.76	146.23	488.3				1.7901	70.7	58.9	79.4	82.7	58.6	67.2	79.3	83.8	55.4	0	65	53.2	70.1	61.9	87.7	49.3	3.3	5.8			
117	2019-03-28T10:23:29	0.2346	0.3072	0.1509	0.4447	62.27	-28.99	-19.24	355.49	465.5	694.35	0.2393	0.3171	0.3171	0.1513	0.4511	63.1	-30.55	-16.16	399.42	529.35	740.68	14441	0.036	0.0375	476.85	11.78	146.26	488.3				1.7927	70.7	58.9	79.4	82.7	58.6	67.2	79.3	83.8	55.4	0	65	53.2	70.1	61.9	87.7	49.3	3.3	5.8			
118	2019-03-28T10:23:59	0.2348	0.3075	0.151	0.4449	62.3	-29.01	-19.13	348.8	456.77	679.82	0.2395	0.3174	0.3174	0.1513	0.4513	63.13	-30.56	-16.06	391.88	519.33	725.14	14377	0.036	0.0375	476.85	11.53	146.34	488.3				1.7585	70.7	58.9	79.4	82.8	58.6	67.2	79.4	83.8	55.5	0	65.1	53.2	70.1	61.9	87.7	49.4	3.3	5.8			
119	2019-03-28T10:24:29	0.2349	0.3077	0.151	0.445	62.31	-29.04	-19.08	345.2	452.15	672.23	0.2396	0.3175	0.3175	0.1514	0.4514	63.14	-30.57	-16.01	387.85	514.03	717.02	14377	0.036	0.0375	476.85	11.4	146.59	488.3				1.7394	70.7	58.9	79.4	82.8	58.6	67.2	79.3	83.8	55.5	0	65	53.3	70.1	61.9	87.8	49.4	3.3	5.8			
120	2019-03-28T10:24:59	0.2349	0.3077	0.151	0.445	62.31	-29.05	-19.08	343.77	450.32	669.52	0.2396	0.3175	0.3175	0.1513	0.4514	63.14	-30.59	-16.01	386.24	511.97	714.12	14377	0.036	0.0375	476.85	11.35	146.5	488.3				1.7317	70.7	58.9	79.3	82.8	58.6	67.2	79.3	83.8	55.5	0	65	53.3	70.1	61.9	87.7	49.3	3.3	5.8			
121	2019-03-28T10:25:29	0.2347	0.3074	0.1509	0.4448	62.29	-29.04	-19.17	347.44	455.1	677.88	0.2394	0.3173	0.3173	0.1513	0.4512	63.12	-30.58	-16.09	390.37	517.48	723.07	14429	0.036	0.0375	476.85	11.49	146.31	488.3				1.7511	70.7	58.9	79.3	82.8	58.6	67.2	79.3	83.8	55.5	0	65	53.2	70.1	61.9	87.7	49.3	3.3	5.8			
122	2019-03-28T10:25:59	0.2345	0.3071	0.1509	0.4446	62.26	-29.02	-19.28	350.32	458.84	684.91	0.2391	0.317	0.317	0.1512	0.451	63.1	-30.58	-16.19	393.62	521.82	730.61	14441	0.036	0.0375	476.85	11.62	146.06	488.3				1.7678	70.6	58.8	79.3	82.6	58.5	67.2	79.3	83.8	55.4	0	65	53.1	70.1	61.8	87.6	49.2	3.3	5.8			
123	2019-03-28T10:26:29	0.2339	0.3063	0.1507	0.4441	62.2	-28.97	-19.54	356.41	466.7	700.45	0.2386	0.3163	0.3163	0.151	0.4505	63.03	-30.57	-16.44	400.5	530.99	747.36	14690	0.036	0.0375	476.85	11.86	146.05	488.2				1.8014	70.6	58.8	79.3	82.7	58.5	67.2	79.3	83.8	55.5	0	64.9	53.1	70.1	61.8	87.7	49.3	3.4	5.9			
124	2019-03-28T10:26:59	0.234	0.3064	0.1507	0.4441	62.2	-28.98	-19.51	354.1	463.71	695.6	0.2386	0.3164	0.3164	0.151	0.4506	63.04	-30.58	-16.42	397.9	527.57	742.13	14657	0.036	0.0375	476.85	11.77	146.13	488.2				1.7895	70.6	58.8	79.3	82.7	58.5	67.2	79.3	83.8	55.4	0	64.9	53.1	70.1	61.7	87.7	49.2	3.4	5.9			
125	2019-03-28T10:27:29	0.234	0.3064	0.1507	0.4441	62.2	-28.97	-19.52	352.82	462	693.1	0.2386	0.3163	0.3163	0.151	0.4506	63.04	-30.57	-16.42	396.46	525.63	739.47	14657	0.036	0.0375	476.85	11.74	146.05	488.2				1.7839	70.6	58.8	79.3	82.7	58.5	67.2	79.3	83.8	55.5	0	64.9	53.1	70.1	61.8	87.7	49.3	3.4	5.9			
126	2019-03-28T10:27:59	0.2341	0.3064	0.1508	0.4442	62.2	-28.93	-19.5	349.33	457.26	685.75	0.2387	0.3164	0.3164	0.1511	0.4506	63.04	-30.53	-16.41	392.51	520.21	731.65	14657	0.036	0.0375	476.85	11.61	146.03	488.2				1.7648	70.7	58.9	79.3	82.7	58.6	67.3	79.3	83.8	55.5	0	65	53.2	70.1	61.8	87.7	49.4	3.4	5.9			
127	2019-03-28T10:28:29	0.2341	0.3065	0.1508	0.4442	62.21	-28.96	-19.46	347.59	455.07	681.91	0.2388	0.3165	0.3165	0.1511	0.4507	63.05	-30.55	-16.37	390.55	517.7	727.52	14657	0.036	0.0375	476.85	11.54	146.28	488.2				1.7565	70.7	58.9	79.3	82.8	58.6	67.3	79.3	83.9	55.6	0	65	53.3	70.1	61.9	87.7	49.4	3.3	5.9			
128	2019-03-28T10:28:59	0.2341	0.3064	0.1508	0.4442	62.21	-28.94	-19.5	348.43	456.13	683.96	0.2387	0.3164	0.3164	0.1511	0.4506	63.04	-30.54	-16.4	391.51	518.91	729.74	14657	0.036	0.0375	476.85	11.56	146.4	488.2				1.7608	70.7	58.9	79.3	82.8	58.6	67.2	79.3	83.9	55.6	0	64.9	53.2	70.1	61.8	87.7	49.4	3.3	5.9			
129	2019-03-28T10:29:29	0.2338	0.3061	0.1507	0.4439	62.17	-28.94	-19.63	351.96	460.79	692.84	0.2384	0.316	0.316	0.151	0.4504	63.01	-30.56	-16.53	395.5	524.35	739.26	14720	0.036	0.0375	476.85	11.72	146.08	488.1				1.7812	70.6	58.8	79.3	82.6	58.5	67.2	79.3	83.8	55.5	0	64.9	53.1	70.1	61.8	87.6	49.3	3.4	5.9			
130	2019-03-28T10:29:59	0.2338	0.306	0.1507	0.4439	62.17	-28.94	-19.63	350.01	458.23	689.04	0.2384	0.316	0.316	0.151	0.4504	63.01	-30.56	-16.53	393.31	521.45	735.21	14743	0.036	0.0375	476.85	11.66	146	488.1				1.7711	70.6	58.8	79.3	82.7	58.5	67.2	79.3	83.8	55.5	0	64.9	53.1	70.1	61.8	87.7	49.3	3.4	5.9			
131	2019-03-28T10:30:29	0.2337	0.3058	0.1507	0.4438	62.16	-28.91	-19.69	348.73	456.43	687.18	0.2383	0.3158	0.3158	0.151	0.4502	63	-30.53	-16.59	391.86	519.43	733.27	14824	0.036	0.0375	476.85	11.61	146.03	488.1				1.7655	70.7	58.9	79.3	82.7	58.6	67.3	79.3	83.9	55.6	0	64.9	53.2	70.1	61.8	87.7	49.4	3.4	5.9			
132	2019-03-28T10:30:59	0.2335	0.3057	0.1506	0.4436	62.14	-28.91	-19.75	347.33	454.63	685.36	0.2381	0.3157	0.3157	0.1509	0.4501	62.98	-30.54	-16.65	390.31	517.44	731.36	14852	0.036	0.0375	476.85	11.58	145.94	488.1				1.7594	70.7	58.8	79.3	82.7	58.6	67.2	79.3	83.9	55.6	0	64.9	53.1	70.1	61.7	87.7	49.3	3.4	5.9			
133	2019-03-28T10:31:29	0.2338	0.3059	0.1507	0.4438	62.16	-28.89	-19.66	338.36	442.8	666.2	0.2384	0.3159	0.3159	0.151	0.4503	63	-30.51	-16.56	380.21	503.89	710.88	14743	0.036	0.0375	476.85	11.26	146.06	488.1				1.7124	70.7	58.9	79.3	82.7	58.6	67.3	79.3	83.9	55.6	0	65	53.2	70.2	61.8	87.7	49.4	3.4	5.9			
134	2019-03-28T10:31:59	0.2338	0.3059	0.1508	0.4438	62.16	-28.86	-19.67	334.79	437.98	659.12	0.2384	0.3159	0.3159	0.151	0.4503	63	-30.48	-16.57	376.18	498.4	703.35	14743	0.036	0.0374	476.85	11.14	146.16	488.1				1.6943	70.7	58.9	79.3	82.7	58.6	67.3	79.3	83.9	55.6	0	65	53.2	70.2	61.9	87.7	49.4	3.4	5.9			
135	2019-03-28T10:32:29	0.2339	0.3061	0.1508	0.444	62.18	-28.92	-19.6	330.18	432.16	649.44	0.2385	0.3161	0.3161	0.151	0.4504	63.02	-30.53	-16.5	371.01	491.74	692.99	14693	0.036	0.0375	476.85	10.98	146.26	488.1				1.6697	70.7	58.9	79.3	82.7	58.6	67.2	79.3	83.8	55.6	0	65	53.2	70.2	61.8	87.7	49.4	3.4	5.9			
136	2019-03-28T10:33:00	0.2342	0.3065	0.1509	0.4442	62.21	-28.92	-19.46	322.85	422.53	633.13	0.2388	0.3164	0.3164	0.1512	0.4507	63.05	-30.51	-16.37	362.75	480.67	675.53	14657	0.036	0.0374	476.85	10.7	146.38	488.2				1.6312	70.8	59	79.3	82.8	58.8	67.3	79.3	83.9	55.8	0	65	53.4	70.2	61.9	87.8	49.5	3.3	5.9			
137	2019-03-28T10:33:30	0.2341	0.3065	0.1508	0.4442	62.21	-28.94	-19.48	326.35	427.2	640.34	0.2387	0.3164	0.3164	0.1511	0.4506	63.05	-30.54	-16.39	366.7	486	683.22	14657	0.036	0.0375	476.85	10.83	146.32	488.2				1.6496	70.8	59	79.3	82.8	58.7	67.3	79.3	83.9	55.7	0	65	53.3	70.1	61.9	87.7	49.5	3.3	5.9			
138	2019-03-28T10:33:59	0.2338	0.3062	0.1507	0.444	62.18	-28.96	-19.59	331.19	433.66	651.57	0.2384	0.3162	0.3162	0.151	0.4504	63.02	-30.57	-16.49	372.16	493.47	695.22	14693	0.036	0.0375	476.85	11.01	146.25	488.2				1.6754	70.6	58.8	79.3	82.6	58.6	67.2	79.3	83.8	55.5	0	65	53.1	70.2	61.8	87.6	49.3	3.4	5.9			
139	2019-03-28T10:34:30	0.2341	0.3066	0.1508	0.4442	62.22	-28.99	-19.46	326.27	427.28	640.27	0.2387	0.3165	0.3165	0.1511	0.4507	63.05	-30.58	-16.37	366.61	486.1	683.12	14657	0.036	0.0375	476.85	10.82	146.35	488.2				1.6493	70.7	58.9	79.3	82.8	58.7	67.3	79.3	83.9	55.7	0	64.9	53.3	70.1	61.8	87.7	49.4	3.3	5.9			
140	2019-03-28T10:35:00	0.234	0.3065	0.1507	0.4442	62.21	-28.98	-19.5	325.29	425.97	638.76	0.2386	0.3164	0.3164	0.151	0.4506	63.05	-30.58	-16.4	365.51	484.65	681.53	14657	0.036	0.0375	476.85	10.8	146.29	488.2				1.645	70.7	58.9	79.3	82.7	58.6	67.3	79.3	83.9	55.6	0	65	53.2	70.2	61.8	87.7	49.4	3.4	5.9			
141	2019-03-28T10:35:30	0.2339	0.3063	0.1507	0.4441	62.2	-28.98	-19.55	326.65	427.78	642.13	0.2385	0.3163	0.3163	0.151	0.4505	63.04	-30.59	-16.45	367.05	486.74	685.12	14690	0.036	0.0376	476.85	10.85	146.24	488.2				1.6526	70.7	58.8	79.3	82.7	58.6	67.2	79.3	83.8	55.6	0	64.9	53.2	70.1	61.8	87.7	49.4	3.4	5.9			
142	2019-03-28T10:36:00	0.2334	0.3057	0.1506	0.4437	62.15	-28.97	-19.74	331.91	434.71	655.17	0.238	0.3158	0.3158	0.1508	0.4502	62.99	-30.6	-16.64	373	494.78	699.14	14855	0.036	0.0376	476.85	11.07	146.02	488.1				1.6814	70.6	58.7	79.2	82.7	58.5	67.2	79.2	83.9	55.6	0	64.8	53.1	70.1	61.7	87.7	49.3	3.4	5.9			
143	2019-03-28T10:36:30	0.2332	0.3054	0.1505	0.4435	62.12	-28.94	-19.85	333.18	436.29	659	0.2378	0.3155	0.3155	0.1508	0.45	62.97	-30.59	-16.74	374.42	496.67	703.26	14937	0.036	0.0376	476.85	11.12	145.95	488.1				1.6894	70.6	58.7	79.2	82.6	58.5	67.2	79.2	83.9	55.6	0	64.8	53.1	70.1	61.7	87.6	49.3	3.4	5.9			
144	2019-03-28T10:37:00	0.2332	0.3055	0.1505	0.4435	62.12	-28.99	-19.85	331.25	433.94	655.39	0.2378	0.3155	0.3155	0.1507	0.45	62.97	-30.63	-16.73	372.28	494	699.41	14937	0.036	0.0377	476.85	11.07	145.98	488.1				1.6798	70.6	58.6	79.2	82.6	58.4	67.1	79.2	83.8	55.5	0	64.7	53	70.1	61.6	87.6	49.2	3.4	5.9			
145	2019-03-28T10:37:30	0.2332	0.3056	0.1505	0.4436	62.14	-29.02	-19.79	326.92	428.4	646.28	0.2379	0.3157	0.3157	0.1507	0.4501	62.99	-30.66	-16.68	367.42	487.65	689.64	14878	0.036	0.0377	476.85	10.91	146.01	488.1				1.657	70.5	58.6	79.2	82.6	58.4	67.1	79.2	83.8	55.4	0	64.7	52.9	70	61.6	87.6	49.1	3.4	5.9			
146	2019-03-28T10:38:00	0.2332	0.3056	0.1504	0.4436	62.13	-29.03	-19.81	325.38	426.39	643.48	0.2378	0.3156	0.3156	0.1507	0.4501	62.98	-30.66	-16.69	365.68	485.38	686.66	14937	0.036	0.0377	476.85	10.87	145.87	488.1				1.649	70.5	58.6	79.1	82.7	58.4	67.1	79.2	83.8	55.5	0	64.7	53	70	61.6	87.6	49.1	3.4	5.9			
147	2019-03-28T10:38:30	0.233	0.3053	0.1504	0.4434	62.11	-29.01	-19.89	327.83	429.57	649.41	0.2376	0.3154	0.3154	0.1506	0.4499	62.96	-30.66	-16.77	368.46	489.07	693.05	14940	0.036	0.0377	476.85	10.96	145.94	488.1				1.6631	70.5	58.6	79.1	82.6	58.3	67.1	79.1	83.8	55.4	0	64.7	52.9	70.1	61.5	87.6	49.1	3.4	5.9			
148	2019-03-28T10:39:00	0.2332	0.3057	0.1504	0.4436	62.14	-29.04	-19.78	325.75	426.95	643.93	0.2378	0.3157	0.3157	0.1507	0.4501	62.99	-30.67	-16.67	366.12	485.99	687.18	14878	0.036	0.0377	476.85	10.87	146.15	488.1				1.6513	70.5	58.6	79.1	82.6	58.4	67.1	79.1	83.8	55.4	0	64.7	52.9	70	61.5	87.6	49.1	3.4	5.9			
149	2019-03-28T10:39:30	0.233	0.3053	0.1503	0.4434	62.11	-29.03	-19.91	322.28	422.4	638.77	0.2376	0.3154	0.3154	0.1506	0.4499	62.96	-30.68	-16.79	362.22	480.92	681.68	14943	0.036	0.0377	476.85	10.77	146.05	488.1				1.6354	70.4	58.5	79.1	82.5	58.3	67	79.1	83.8	55.3	0	64.7	52.8	70	61.5	87.5	49	3.4	5.9			
150	2019-03-28T10:40:00	0.2319	0.3037	0.1501	0.4423	61.98	-28.9	-20.43	274.07	358.94	548.74	0.2365	0.3139	0.3139	0.1503	0.4489	62.84	-30.62	-17.3	308.1	409.01	585.86	15380	0.036	0.0377	476.85	9.23	145.61	487.9				1.395	70.4	58.4	79	82.5	58.2	66.9	79	83.8	55.3	0	64.5	52.7	70	61.3	87.5	48.9	3.4	5.9			
151	2019-03-28T10:40:31	0.2309	0.3018	0.1499	0.441	61.81	-28.67	-21.04	239.09	312.58	483.9	0.2353	0.3121	0.3121	0.15	0.4477	62.69	-30.46	-17.89	268.82	356.51	516.92	15820	0.036	0.0376	476.85	8.11	145.49	487.7				1.2224	70.4	58.3	79	82.4	58.1	67	79.1	83.8	55.4	0	64.5	52.5	70.2	61.2	87.5	48.9	3.5	5.9			
152	2019-03-28T10:41:01	0.2304	0.301	0.1498	0.4404	61.74	-28.56	-21.32	209.83	274.12	426.85	0.2348	0.3113	0.3113	0.1499	0.4471	62.62	-30.39	-18.16	235.94	312.78	456.1	16091	0.036	0.0375	476.85	7.14	145.56	487.6				1.0734	70.4	58.2	79	82.4	58.1	66.9	79.1	83.8	55.3	0	64.4	52.5	70.2	61.2	87.5	48.9	3.5	5.9			
153	2019-03-28T10:41:31	0.23	0.3003	0.1497	0.4399	61.68	-28.51	-21.53	200.13	261.36	408.76	0.2344	0.3107	0.3107	0.1498	0.4467	62.57	-30.36	-18.36	225.05	298.32	436.83	16412	0.036	0.0375	476.85	6.83	145.37	487.5				1.0253	70.4	58.3	78.9	82.5	58.2	67	79	83.9	55.5	0	64.2	52.6	70.1	61.2	87.5	48.9	3.5	5.9			
154	2019-03-28T10:42:01	0.2299	0.3002	0.1497	0.4399	61.67	-28.48	-21.56	193.14	252.18	394.65	0.2343	0.3106	0.3106	0.1498	0.4466	62.56	-30.34	-18.4	217.19	287.85	421.8	16412	0.036	0.0375	476.85	6.58	145.55	487.5				0.9893	70.4	58.3	78.9	82.5	58.2	67	79	83.9	55.5	0	64.2	52.6	70.1	61.2	87.6	49	3.5	6			
155	2019-03-28T10:42:31	0.23	0.3003	0.1497	0.4399	61.68	-28.49	-21.55	192.58	251.45	393.39	0.2344	0.3106	0.3106	0.1498	0.4467	62.56	-30.34	-18.39	216.57	287	420.46	16412	0.036	0.0375	476.85	6.57	145.67	487.5				0.9867	70.4	58.3	78.9	82.5	58.2	67	79	84	55.5	0	64.2	52.6	70.1	61.2	87.6	49	3.5	5.9			
156	2019-03-28T10:43:01	0.2296	0.2997	0.1496	0.4395	61.63	-28.45	-21.73	190.23	248.34	389.96	0.234	0.3101	0.3101	0.1497	0.4463	62.52	-30.33	-18.56	213.94	283.54	416.84	16607	0.036	0.0375	476.85	6.51	145.49	487.5				0.9762	70.4	58.2	78.9	82.5	58.2	67	79	84	55.6	0	64.1	52.5	70.1	61.1	87.6	48.9	3.5	6			
157	2019-03-28T10:43:31	0.2302	0.3011	0.1497	0.4404	61.75	-28.67	-21.31	210.91	275.82	429.42	0.2347	0.3114	0.3114	0.1498	0.4472	62.62	-30.5	-18.15	237.18	314.73	458.83	16094	0.036	0.0377	476.85	7.18	145.46	487.6				1.0801	70.3	58.1	78.9	82.3	58	66.8	79	83.8	55.2	0	64.2	52.3	70.1	61	87.4	48.7	3.5	5.9			
158	2019-03-28T10:44:01	0.2297	0.3	0.1496	0.4397	61.66	-28.52	-21.63	192.65	251.65	394.41	0.2341	0.3104	0.3104	0.1497	0.4465	62.54	-30.39	-18.46	216.66	287.29	421.55	16439	0.036	0.0376	476.85	6.58	145.55	487.5				0.9884	70.3	58.1	78.9	82.4	58	66.9	79	83.9	55.4	0	64.2	52.4	70.1	61	87.5	48.8	3.5	5.9			
159	2019-03-28T10:44:32	0.2291	0.299	0.1495	0.439	61.57	-28.4	-21.97	178.51	232.99	367.67	0.2335	0.3094	0.3094	0.1495	0.4459	62.46	-30.31	-18.79	200.78	266.11	393.09	16639	0.036	0.0375	476.85	6.13	145.4	487.4				0.9177	70.2	58	78.9	82.3	57.9	66.8	79	83.8	55.3	0	64.2	52.2	70.2	61	87.4	48.7	3.5	6			
160	2019-03-28T10:45:02	0.2295	0.2999	0.1495	0.4396	61.65	-28.56	-21.68	198.06	258.83	406.04	0.2339	0.3103	0.3103	0.1496	0.4464	62.54	-30.44	-18.5	222.75	295.52	433.97	16607	0.036	0.0377	476.85	6.78	145.36	487.5				1.0177	70.3	58.1	78.8	82.5	58.1	66.9	78.9	83.9	55.5	0	64	52.4	70	61	87.5	48.8	3.5	5.9			
161	2019-03-28T10:45:31	0.2295	0.3	0.1495	0.4397	61.65	-28.6	-21.67	206.03	269.33	422.44	0.2339	0.3104	0.3104	0.1495	0.4465	62.54	-30.47	-18.49	231.72	307.51	451.48	16607	0.036	0.0377	476.85	7.06	145.19	487.5				1.0582	70.3	58.1	78.8	82.5	58	66.9	78.9	83.9	55.5	0	64	52.4	70	61	87.5	48.8	3.5	5.9			
162	2019-03-28T10:46:01	0.2293	0.2999	0.1494	0.4396	61.64	-28.62	-21.71	200.91	262.71	412.39	0.2338	0.3103	0.3103	0.1495	0.4464	62.53	-30.5	-18.53	225.98	299.97	440.75	16607	0.036	0.0377	476.85	6.88	145.34	487.5				1.0314	70.2	58	78.8	82.4	57.9	66.8	78.9	83.9	55.3	0	63.9	52.2	70	60.9	87.5	48.6	3.5	6			
163	2019-03-28T10:46:32	0.2285	0.2984	0.1493	0.4385	61.51	-28.42	-22.2	181.82	237.4	376.42	0.2329	0.3089	0.3089	0.1493	0.4454	62.41	-30.37	-19	204.53	271.28	402.48	16994	0.036	0.0376	476.85	6.26	145.16	487.3				0.9363	70.2	57.9	78.8	82.3	57.8	66.7	78.9	83.8	55.3	0	63.9	52.1	70.1	60.8	87.4	48.6	3.6	6			
164	2019-03-28T10:47:02	0.2289	0.2991	0.1493	0.439	61.58	-28.52	-21.97	191.05	249.64	393.99	0.2333	0.3095	0.3095	0.1493	0.4459	62.47	-30.44	-18.78	214.9	285.16	421.19	16668	0.036	0.0377	476.85	6.57	145.18	487.4				0.9829	70.1	57.8	78.8	82.2	57.7	66.7	78.9	83.8	55.1	0	64	52	70.1	60.8	87.3	48.5	3.5	6			
165	2019-03-28T10:47:31	0.2306	0.3023	0.1496	0.4412	61.85	-28.96	-20.96	243.65	319.42	493.65	0.2351	0.3126	0.3126	0.1497	0.4479	62.72	-30.74	-17.8	274.01	364.32	527.23	15819	0.036	0.038	476.85	8.27	145.58	487.8				1.2463	70.1	57.9	78.8	82.2	57.8	66.6	78.8	83.7	55	0	64	52.1	69.9	60.8	87.4	48.4	3.5	5.9			
166	2019-03-28T10:48:01	0.2299	0.3011	0.1494	0.4404	61.74	-28.81	-21.35	220.73	289.06	450.38	0.2344	0.3114	0.3114	0.1495	0.4471	62.63	-30.64	-18.18	248.25	329.89	481.19	16141	0.036	0.0379	476.85	7.53	145.45	487.6				1.132	70.1	57.8	78.8	82.2	57.7	66.6	78.8	83.7	55	0	64	52	69.9	60.8	87.3	48.4	3.5	5.9			
167	2019-03-28T10:48:31	0.2303	0.3019	0.1495	0.441	61.82	-28.94	-21.07	240.25	314.93	487.82	0.2348	0.3123	0.3123	0.1496	0.4477	62.7	-30.74	-17.9	270.19	359.26	521.04	15820	0.036	0.038	476.85	8.17	145.47	487.7				1.2299	70	57.8	78.8	82.1	57.6	66.6	78.8	83.6	54.9	0	64.1	52	69.9	60.8	87.3	48.4	3.5	5.9			
168	2019-03-28T10:49:01	0.2305	0.3023	0.1495	0.4412	61.85	-29	-20.96	243.23	318.99	493.01	0.235	0.3126	0.3126	0.1497	0.4479	62.73	-30.78	-17.8	273.55	363.84	526.57	15820	0.036	0.038	476.85	8.27	145.55	487.8				1.2449	70.1	57.8	78.7	82.2	57.7	66.6	78.8	83.7	54.9	0	64	52	69.8	60.8	87.4	48.4	3.5	5.9			
169	2019-03-28T10:49:31	0.2299	0.3012	0.1494	0.4404	61.75	-28.85	-21.32	215.1	281.77	438.75	0.2344	0.3115	0.3115	0.1495	0.4472	62.64	-30.67	-18.15	241.93	321.56	468.76	16094	0.036	0.0379	476.85	7.34	145.43	487.6				1.103	70	57.8	78.7	82.2	57.7	66.6	78.8	83.7	55	0	64	52	69.9	60.7	87.3	48.4	3.5	5.9			
170	2019-03-28T10:50:01	0.2293	0.3004	0.1493	0.4399	61.69	-28.82	-21.58	214.67	281.21	440.2	0.2338	0.3108	0.3108	0.1493	0.4467	62.58	-30.68	-18.39	241.48	321.05	470.39	16439	0.036	0.038	476.85	7.36	145.21	487.6				1.1024	70	57.7	78.6	82.2	57.6	66.5	78.7	83.7	55	0	63.7	51.9	69.8	60.6	87.4	48.3	3.5	6			
171	2019-03-28T10:50:32	0.2293	0.3003	0.1493	0.4398	61.68	-28.79	-21.6	205.11	268.61	420.64	0.2338	0.3108	0.3108	0.1493	0.4467	62.57	-30.65	-18.41	230.72	306.68	449.5	16439	0.036	0.0379	476.85	7.02	145.4	487.6				1.0531	70	57.7	78.7	82.2	57.7	66.6	78.8	83.7	55	0	63.8	51.9	69.9	60.7	87.3	48.3	3.5	6			
172	2019-03-28T10:51:02	0.2294	0.3006	0.1493	0.44	61.71	-28.85	-21.51	215.5	282.35	441.37	0.2339	0.311	0.311	0.1493	0.4468	62.59	-30.7	-18.33	242.4	322.34	471.61	16412	0.036	0.038	476.85	7.38	145.37	487.6				1.1071	70.1	57.7	78.6	82.3	57.7	66.6	78.7	83.8	55	0	63.7	52	69.8	60.7	87.4	48.4	3.5	5.9			
173	2019-03-28T10:51:31	0.2294	0.3007	0.1492	0.4401	61.72	-28.91	-21.49	224.59	294.43	460.04	0.2339	0.3111	0.3111	0.1493	0.4469	62.6	-30.76	-18.3	252.64	336.12	491.51	16412	0.036	0.0381	476.85	7.69	145.25	487.6				1.1534	70	57.6	78.6	82.2	57.6	66.5	78.7	83.7	55	0	63.7	51.9	69.7	60.6	87.4	48.3	3.5	5.9			
174	2019-03-28T10:52:01	0.2296	0.3011	0.1493	0.4403	61.75	-28.93	-21.38	231.65	303.72	473.46	0.2341	0.3115	0.3115	0.1494	0.4471	62.63	-30.77	-18.2	260.56	346.66	505.83	16170	0.036	0.0381	476.85	7.93	145.18	487.6				1.1897	69.9	57.6	78.6	82.1	57.5	66.5	78.7	83.6	54.8	0	63.8	51.8	69.8	60.6	87.3	48.2	3.5	5.9			
175	2019-03-28T10:52:31	0.2294	0.3009	0.1491	0.4402	61.73	-28.98	-21.44	235.9	309.45	482.94	0.2339	0.3114	0.3114	0.1492	0.447	62.62	-30.82	-18.25	265.36	353.25	515.94	16412	0.037	0.0381	476.85	8.08	145.1	487.6				1.2115	70	57.6	78.6	82.3	57.6	66.5	78.6	83.7	54.9	0	63.6	51.8	69.6	60.5	87.4	48.2	3.5	5.9			
176	2019-03-28T10:53:01	0.2295	0.3011	0.1492	0.4403	61.75	-29.01	-21.38	239.04	313.65	488.92	0.234	0.3115	0.3115	0.1493	0.4471	62.64	-30.84	-18.19	268.9	358	522.32	16170	0.037	0.0382	476.85	8.18	145.27	487.6				1.2281	69.8	57.4	78.6	82	57.4	66.3	78.6	83.6	54.7	0	63.7	51.6	69.7	60.4	87.2	48	3.5	5.9			
177	2019-03-28T10:53:31	0.2306	0.3031	0.1493	0.4417	61.92	-29.26	-20.74	275.75	362.46	557.6	0.2352	0.3134	0.3134	0.1495	0.4484	62.79	-31.01	-17.57	310.14	413.33	595.34	15787	0.037	0.0383	476.85	9.37	145.32	487.9				1.4111	69.9	57.6	78.6	82.3	57.6	66.4	78.6	83.7	54.8	0	63.7	51.9	69.6	60.6	87.4	48.2	3.5	5.9			
178	2019-03-28T10:54:01	0.2302	0.3024	0.1493	0.4412	61.86	-29.16	-20.96	259.72	341.14	527.14	0.2348	0.3128	0.3128	0.1495	0.448	62.74	-30.94	-17.78	292.13	389.14	562.96	15820	0.037	0.0382	476.85	8.86	145.24	487.8				1.3306	69.9	57.5	78.6	82.1	57.5	66.4	78.6	83.6	54.7	0	63.8	51.7	69.7	60.5	87.3	48.1	3.5	5.9			
179	2019-03-28T10:54:31	0.2303	0.3027	0.1493	0.4414	61.89	-29.22	-20.88	268.99	353.5	545.38	0.2349	0.313	0.313	0.1495	0.4481	62.76	-30.99	-17.7	302.55	403.2	582.35	15819	0.037	0.0383	476.85	9.15	145.29	487.8				1.3775	69.9	57.5	78.6	82.2	57.5	66.4	78.6	83.6	54.7	0	63.7	51.8	69.6	60.5	87.3	48.1	3.5	5.9			
180	2019-03-28T10:55:01	0.2302	0.3024	0.1492	0.4412	61.86	-29.2	-20.96	278.87	366.42	566.28	0.2347	0.3128	0.3128	0.1494	0.448	62.74	-30.98	-17.78	313.67	418	604.71	15820	0.037	0.0383	476.85	9.5	145.28	487.8				1.4295	69.8	57.5	78.6	82	57.4	66.3	78.6	83.6	54.6	0	63.7	51.7	69.7	60.5	87.2	48	3.5	5.9			
181	2019-03-28T10:55:31	0.2301	0.3023	0.1492	0.4412	61.85	-29.2	-21	271.71	357.05	552.26	0.2346	0.3127	0.3127	0.1494	0.4479	62.73	-30.99	-17.82	305.64	407.33	589.79	15820	0.037	0.0383	476.85	9.27	145.12	487.8				1.3936	69.8	57.4	78.6	82	57.3	66.3	78.6	83.5	54.5	0	63.7	51.6	69.7	60.4	87.2	47.9	3.5	5.9			
182	2019-03-28T10:56:01	0.2298	0.3021	0.1491	0.441	61.84	-29.23	-21.08	269.61	354.41	548.99	0.2344	0.3125	0.3125	0.1493	0.4478	62.72	-31.02	-17.89	303.3	404.38	586.31	16037	0.037	0.0384	476.85	9.21	145.25	487.8				1.383	69.8	57.4	78.5	82.1	57.4	66.3	78.5	83.6	54.7	0	63.5	51.6	69.5	60.4	87.3	47.9	3.5	5.9			
183	2019-03-28T10:56:31	0.2298	0.3019	0.1491	0.4409	61.82	-29.19	-21.14	271.81	357.16	554.02	0.2343	0.3123	0.3123	0.1493	0.4476	62.7	-30.99	-17.95	305.76	407.56	591.7	16049	0.037	0.0383	476.85	9.29	145.21	487.7				1.3949	69.8	57.4	78.5	82.1	57.4	66.3	78.6	83.6	54.7	0	63.6	51.6	69.6	60.4	87.3	48	3.5	5.9			
184	2019-03-28T10:57:01	0.2298	0.302	0.1491	0.4409	61.83	-29.21	-21.1	271.75	357.16	553.57	0.2344	0.3124	0.3124	0.1493	0.4477	62.71	-31.01	-17.92	305.7	407.54	591.2	16049	0.037	0.0383	476.85	9.29	145.22	487.8				1.3946	69.8	57.4	78.5	82.1	57.4	66.3	78.5	83.6	54.7	0	63.5	51.7	69.6	60.4	87.3	48	3.5	5.9			
185	2019-03-28T10:57:31	0.2297	0.302	0.149	0.4409	61.83	-29.26	-21.13	275.14	361.8	560.99	0.2342	0.3124	0.3124	0.1492	0.4477	62.71	-31.06	-17.93	309.53	412.85	599.12	16049	0.037	0.0384	476.85	9.41	145.05	487.8				1.413	69.7	57.3	78.4	82.1	57.3	66.2	78.5	83.6	54.5	0	63.5	51.5	69.5	60.3	87.2	47.8	3.5	5.9			
186	2019-03-28T10:58:01	0.2297	0.3019	0.149	0.4409	61.82	-29.23	-21.14	275.44	362.1	561.69	0.2342	0.3123	0.3123	0.1492	0.4477	62.71	-31.04	-17.95	309.85	413.22	599.87	16049	0.037	0.0384	476.85	9.42	145.12	487.7				1.4148	69.8	57.3	78.5	82.1	57.3	66.3	78.5	83.6	54.6	0	63.5	51.5	69.6	60.3	87.2	47.9	3.5	5.9			
187	2019-03-28T10:58:31	0.2295	0.3017	0.149	0.4407	61.8	-29.22	-21.23	279.93	367.97	571.83	0.234	0.3121	0.3121	0.1491	0.4475	62.69	-31.04	-18.03	314.9	419.98	610.71	16094	0.037	0.0384	476.85	9.59	144.89	487.7				1.4391	69.8	57.3	78.5	82	57.3	66.3	78.5	83.6	54.6	0	63.5	51.5	69.6	60.3	87.2	47.9	3.5	5.9			
188	2019-03-28T10:59:01	0.2294	0.3017	0.1489	0.4407	61.8	-29.27	-21.25	279.26	367.3	571.01	0.2339	0.3121	0.3121	0.149	0.4475	62.69	-31.1	-18.05	314.17	419.24	609.82	16137	0.037	0.0385	476.85	9.57	144.95	487.7				1.4356	69.7	57.2	78.4	82	57.2	66.2	78.4	83.5	54.5	0	63.4	51.4	69.5	60.2	87.2	47.8	3.5	5.9			
189	2019-03-28T10:59:32	0.2293	0.3016	0.1489	0.4406	61.79	-29.28	-21.28	276.22	363.34	565.15	0.2338	0.3121	0.3121	0.149	0.4474	62.68	-31.11	-18.07	310.76	414.74	603.58	16170	0.037	0.0385	476.85	9.47	145.01	487.7				1.4201	69.7	57.2	78.4	82	57.2	66.1	78.4	83.5	54.5	0	63.4	51.3	69.5	60.1	87.2	47.7	3.6	5.9			
190	2019-03-28T11:00:02	0.2292	0.3015	0.1488	0.4406	61.79	-29.29	-21.3	274.47	361.08	561.92	0.2337	0.312	0.312	0.149	0.4474	62.67	-31.11	-18.1	308.81	412.17	600.18	16170	0.037	0.0385	476.85	9.42	144.99	487.7				1.4114	69.6	57.1	78.4	81.9	57.1	66.1	78.4	83.5	54.4	0	63.3	51.3	69.5	60.1	87.1	47.7	3.6	5.9			
191	2019-03-28T11:00:32	0.2291	0.3014	0.1488	0.4405	61.78	-29.3	-21.35	273.47	359.81	560.44	0.2336	0.3119	0.3119	0.1489	0.4473	62.67	-31.13	-18.14	307.69	410.76	598.59	16206	0.037	0.0385	476.85	9.39	144.96	487.7				1.4058	69.6	57.1	78.3	81.9	57.1	66.1	78.4	83.5	54.4	0	63.3	51.2	69.5	60	87.1	47.6	3.6	5.9			
192	2019-03-28T11:01:02	0.2289	0.3012	0.1488	0.4403	61.76	-29.28	-21.43	276.04	363.15	566.57	0.2335	0.3117	0.3117	0.1489	0.4471	62.65	-31.13	-18.21	310.59	414.64	605.16	16428	0.037	0.0385	476.85	9.48	144.85	487.7				1.4206	69.7	57.2	78.3	82	57.2	66.1	78.4	83.6	54.5	0	63.2	51.4	69.4	60.1	87.2	47.7	3.6	5.9			
193	2019-03-28T11:01:32	0.2289	0.3012	0.1487	0.4403	61.75	-29.31	-21.44	274.96	361.82	564.63	0.2334	0.3117	0.3117	0.1488	0.4471	62.65	-31.16	-18.22	309.38	413.14	603.08	16439	0.037	0.0386	476.85	9.46	144.8	487.7				1.4154	69.6	57.1	78.3	82	57.1	66.1	78.3	83.6	54.5	0	63.2	51.3	69.4	60	87.2	47.7	3.6	5.9			
194	2019-03-28T11:02:02	0.2288	0.3011	0.1487	0.4402	61.75	-29.29	-21.47	274.59	361.3	564.2	0.2333	0.3116	0.3116	0.1488	0.4471	62.64	-31.14	-18.26	308.97	412.55	602.66	16439	0.037	0.0386	476.85	9.44	144.82	487.7				1.414	69.6	57.1	78.3	82	57.1	66.1	78.3	83.6	54.5	0	63.2	51.3	69.4	60	87.2	47.7	3.6	5.9			
195	2019-03-28T11:02:32	0.2287	0.3011	0.1486	0.4402	61.75	-29.32	-21.48	272.65	358.85	560.47	0.2333	0.3116	0.3116	0.1488	0.4471	62.64	-31.17	-18.26	306.8	409.77	598.66	16439	0.037	0.0386	476.85	9.38	144.87	487.7				1.4036	69.6	57	78.3	82	57	66	78.3	83.5	54.4	0	63.1	51.2	69.4	60	87.2	47.6	3.6	6			
196	2019-03-28T11:03:02	0.2286	0.3008	0.1486	0.44	61.73	-29.3	-21.55	273.49	359.89	562.93	0.2331	0.3113	0.3113	0.1487	0.4469	62.62	-31.16	-18.33	307.75	411.01	601.35	16607	0.037	0.0386	476.85	9.42	144.89	487.6				1.4099	69.6	57.1	78.2	82.1	57.1	66.1	78.3	83.6	54.6	0	63	51.3	69.3	60	87.2	47.7	3.6	5.9			
197	2019-03-28T11:03:32	0.2285	0.3008	0.1486	0.44	61.72	-29.31	-21.57	270.08	355.46	556.28	0.233	0.3113	0.3113	0.1487	0.4469	62.62	-31.17	-18.36	303.92	405.97	594.26	16607	0.037	0.0386	476.85	9.31	144.93	487.6				1.3928	69.6	57	78.2	82	57.1	66	78.3	83.6	54.5	0	63	51.2	69.3	59.9	87.2	47.6	3.6	5.9			
198	2019-03-28T11:04:02	0.2285	0.3007	0.1486	0.44	61.72	-29.32	-21.59	266.19	350.37	548.48	0.233	0.3113	0.3113	0.1487	0.4468	62.61	-31.18	-18.37	299.55	400.16	585.93	16607	0.037	0.0386	476.85	9.17	145	487.6				1.373	69.6	57	78.2	82	57.1	66	78.3	83.6	54.5	0	63	51.2	69.3	59.9	87.2	47.6	3.6	5.9			
199	2019-03-28T11:04:32	0.2282	0.3005	0.1485	0.4398	61.7	-29.35	-21.67	262.75	345.96	542.5	0.2328	0.3111	0.3111	0.1486	0.4467	62.6	-31.21	-18.45	295.71	395.19	579.59	16607	0.037	0.0387	476.85	9.07	144.84	487.6				1.3557	69.5	56.8	78.2	81.9	56.9	65.9	78.2	83.5	54.3	0	62.9	51	69.3	59.8	87.1	47.4	3.6	5.9			
200	2019-03-28T11:05:02	0.2282	0.3004	0.1485	0.4397	61.69	-29.3	-21.71	260.14	342.39	537.31	0.2327	0.3109	0.3109	0.1486	0.4466	62.58	-31.17	-18.49	292.76	391.12	574.07	16607	0.037	0.0387	476.85	8.97	144.96	487.6				1.343	69.5	56.8	78.2	81.9	56.9	65.9	78.2	83.5	54.3	0	63	51	69.4	59.8	87.1	47.5	3.6	6			
201	2019-03-28T11:05:32	0.2281	0.3002	0.1485	0.4396	61.67	-29.29	-21.77	256.74	337.89	530.96	0.2326	0.3107	0.3107	0.1485	0.4465	62.57	-31.17	-18.55	288.94	386.02	567.31	16639	0.037	0.0387	476.85	8.87	144.89	487.6				1.3261	69.5	56.8	78.2	81.8	56.9	65.9	78.2	83.5	54.3	0	63	51	69.4	59.8	87.1	47.4	3.6	5.9			
202	2019-03-28T11:06:02	0.2281	0.3002	0.1485	0.4396	61.67	-29.27	-21.78	252.36	332.06	521.89	0.2326	0.3107	0.3107	0.1486	0.4465	62.57	-31.15	-18.56	284.01	379.36	557.65	16639	0.037	0.0386	476.85	8.71	144.98	487.6				1.3038	69.5	56.8	78.2	81.9	56.9	65.9	78.2	83.6	54.4	0	63	51	69.4	59.8	87.1	47.5	3.6	6			
203	2019-03-28T11:06:32	0.2279	0.3	0.1484	0.4394	61.65	-29.27	-21.85	250.95	330.23	519.74	0.2324	0.3105	0.3105	0.1485	0.4463	62.55	-31.16	-18.62	282.43	377.32	555.37	16708	0.037	0.0387	476.85	8.67	144.85	487.6				1.2973	69.5	56.8	78.2	81.8	56.9	65.9	78.2	83.5	54.3	0	63	51	69.4	59.8	87.1	47.5	3.6	5.9			
204	2019-03-28T11:07:02	0.228	0.3001	0.1484	0.4395	61.66	-29.29	-21.82	247.84	326.2	513.1	0.2325	0.3106	0.3106	0.1485	0.4464	62.56	-31.18	-18.6	278.93	372.69	548.26	16681	0.037	0.0387	476.85	8.56	144.93	487.6				1.2804	69.4	56.8	78.1	81.9	56.9	65.9	78.2	83.5	54.3	0	62.9	50.9	69.4	59.7	87.1	47.4	3.6	6			
205	2019-03-28T11:07:34	0.2278	0.2996	0.1484	0.4392	61.62	-29.19	-21.95	237.93	312.9	493.54	0.2323	0.3102	0.3102	0.1485	0.4461	62.52	-31.1	-18.73	267.78	357.57	527.44	16772	0.037	0.0386	476.85	8.23	144.91	487.5				1.2302	69.5	56.8	78.2	81.8	56.9	65.9	78.2	83.5	54.3	0	63	51	69.5	59.8	87.1	47.5	3.6	6			
206	2019-03-28T11:08:03	0.2277	0.2988	0.1486	0.4387	61.55	-28.94	-22.16	215.53	282.8	448.03	0.2322	0.3094	0.3094	0.1486	0.4456	62.46	-30.88	-18.94	242.55	323.25	478.95	16994	0.037	0.0383	476.85	7.45	145.07	487.4				1.1156	69.7	57.1	78.3	82	57.2	66.2	78.4	83.7	54.7	0	63.2	51.3	69.7	60.1	87.2	47.8	3.6	6			
207	2019-03-28T11:08:33	0.2278	0.2979	0.1489	0.4381	61.47	-28.57	-22.42	182.78	239.03	380.7	0.2321	0.3084	0.3084	0.1489	0.445	62.37	-30.53	-19.21	205.68	273.28	407.17	17284	0.036	0.0379	476.85	6.31	145.4	487.3				0.9458	70	57.6	78.5	82.2	57.6	66.5	78.6	83.9	55.2	0	63.5	51.8	69.9	60.5	87.3	48.3	3.6	6			
208	2019-03-28T11:09:04	0.2283	0.2967	0.1496	0.4375	61.37	-27.9	-22.65	146.8	190.8	305.45	0.2325	0.3072	0.3072	0.1495	0.4444	62.27	-29.91	-19.48	165.12	218.15	326.89	17284	0.035	0.0371	476.85	5.05	145.83	487.1				0.7587	70.6	58.4	79	82.4	58.4	67.2	79.2	84.1	55.9	0	64.5	52.7	70.7	61.3	87.5	49.3	3.5	6			
209	2019-03-28T11:09:35	0.2287	0.2947	0.1505	0.4363	61.19	-26.93	-23.14	113.9	146.72	237.3	0.2328	0.3051	0.3051	0.1503	0.4432	62.09	-29.01	-19.99	128.05	167.8	254.2	17691	0.034	0.036	476.85	3.9	146.41	486.8				0.588	71.4	59.7	79.7	82.9	59.5	68.2	79.9	84.5	57.2	0	65.6	54.1	71.5	62.5	87.8	50.7	3.5	6			
210	2019-03-28T11:10:06	0.2288	0.2916	0.1515	0.4344	60.92	-25.75	-23.92	91.25	116.29	191.25	0.2326	0.302	0.302	0.1511	0.4413	61.82	-27.93	-20.81	102.54	133.09	205.13	18518	0.033	0.0347	476.85	3.12	146.65	486.4				0.4713	72.4	61.1	80.5	83.4	60.8	69.3	80.7	85	58.6	0	66.8	55.6	72.5	63.8	88.3	52.4	3.4	6			
211	2019-03-28T11:10:37	0.2287	0.2901	0.1519	0.4334	60.79	-25.21	-24.33	84.34	106.98	177.46	0.2324	0.3004	0.3004	0.1514	0.4404	61.69	-27.46	-21.23	94.76	122.49	190.45	19051	0.032	0.0341	476.85	2.89	146.91	486.2				0.4357	72.9	61.7	80.8	83.7	61.4	69.8	81	85.3	59.3	0	67.2	56.3	72.9	64.4	88.5	53.1	3.4	6.1		KZ	
212	2019-03-28T11:11:07	0.2287	0.2901	0.1519	0.4334	60.79	-25.21	-24.33	84.06	106.6	176.82	0.2325	0.3004	0.3004	0.1514	0.4404	61.69	-27.45	-21.23	94.44	122.06	189.76	19051	0.032	0.0341	476.85	2.88	147.01	486.2				0.4342	72.9	61.7	80.8	83.7	61.4	69.8	81	85.3	59.3	0	67.2	56.3	72.9	64.4	88.5	53.1	3.4	6.1		KZ	
213	2019-03-28T11:11:37	0.2288	0.2902	0.1519	0.4335	60.8	-25.23	-24.29	84.44	107.11	177.52	0.2325	0.3006	0.3006	0.1514	0.4404	61.7	-27.47	-21.19	94.87	122.63	190.51	19051	0.032	0.0341	476.85	2.89	146.82	486.2				0.4361	72.9	61.7	80.7	83.8	61.5	69.8	81	85.3	59.3	0	67.2	56.3	72.9	64.4	88.5	53.1	3.4	6.1		KZ	
214	2019-03-28T11:12:07	0.2289	0.2904	0.1519	0.4336	60.81	-25.23	-24.23	84.54	107.23	177.53	0.2327	0.3007	0.3007	0.1515	0.4405	61.71	-27.46	-21.14	94.98	122.76	190.51	18707	0.032	0.0341	476.85	2.89	147.06	486.3				0.4365	72.8	61.6	80.8	83.6	61.3	69.8	81	85.2	59.1	0	67.4	56.2	73	64.4	88.4	53.1	3.4	6.1		KZ	
215	2019-03-28T11:12:37	0.2291	0.2905	0.152	0.4337	60.83	-25.22	-24.18	84.92	107.69	178.11	0.2328	0.3008	0.3008	0.1516	0.4406	61.72	-27.44	-21.09	95.4	123.27	191.13	18639	0.032	0.034	476.85	2.9	147.15	486.3				0.4382	72.8	61.7	80.8	83.6	61.4	69.8	81.1	85.2	59.1	0	67.4	56.2	73	64.4	88.4	53.1	3.4	6.1		KZ	
216	2019-03-28T11:13:07	0.2292	0.2908	0.152	0.4339	60.85	-25.27	-24.09	86	109.12	180.11	0.2329	0.3011	0.3011	0.1516	0.4408	61.75	-27.48	-21	96.62	124.89	193.27	18579	0.032	0.0341	476.85	2.94	147.08	486.3				0.4437	72.8	61.7	80.8	83.6	61.4	69.8	81.1	85.2	59.1	0	67.4	56.2	73	64.4	88.4	53.1	3.4	6		KZ	
217	2019-03-28T11:13:37	0.2293	0.291	0.152	0.4341	60.87	-25.32	-24.04	86.47	109.75	180.95	0.233	0.3013	0.3013	0.1516	0.4409	61.76	-27.51	-20.95	97.14	125.6	194.15	18518	0.032	0.0341	476.85	2.95	147.23	486.3				0.4459	72.8	61.6	80.8	83.6	61.3	69.8	81	85.2	59.1	0	67.3	56.2	72.9	64.4	88.4	53	3.4	6		KZ	
218	2019-03-28T11:14:07	0.2294	0.2913	0.152	0.4343	60.89	-25.34	-23.94	87.1	110.57	181.95	0.2332	0.3015	0.3015	0.1516	0.4411	61.79	-27.52	-20.86	97.85	126.52	195.21	18375	0.032	0.0341	476.85	2.96	147.36	486.3				0.4489	72.8	61.7	80.8	83.6	61.3	69.7	81	85.1	59	0	67.4	56.2	73	64.4	88.4	53	3.4	6		KZ	
219	2019-03-28T11:14:37	0.2297	0.2917	0.1521	0.4346	60.93	-25.39	-23.81	88.02	111.78	183.45	0.2335	0.3019	0.3019	0.1517	0.4414	61.82	-27.56	-20.73	98.88	127.88	196.8	18090	0.032	0.0341	476.85	2.99	147.37	486.4				0.4531	72.7	61.6	80.8	83.5	61.3	69.7	81	85.1	58.9	0	67.5	56.1	73	64.4	88.3	53	3.4	6		KZ	
220	2019-03-28T11:15:07	0.2298	0.2919	0.1521	0.4347	60.95	-25.45	-23.73	89.03	113.12	185.33	0.2336	0.3022	0.3022	0.1517	0.4416	61.84	-27.6	-20.65	100.02	129.39	198.8	17908	0.032	0.0342	476.85	3.03	147.31	486.4				0.4581	72.7	61.5	80.8	83.4	61.2	69.6	81	85	58.8	0	67.5	56	73	64.3	88.3	52.9	3.4	6			
221	2019-03-28T11:15:37	0.2299	0.2923	0.1521	0.435	60.99	-25.52	-23.61	89.94	114.35	186.88	0.2338	0.3025	0.3025	0.1517	0.4418	61.87	-27.66	-20.54	101.04	130.78	200.44	17829	0.032	0.0342	476.85	3.05	147.45	486.5				0.4627	72.7	61.5	80.8	83.4	61.2	69.6	81	85	58.8	0	67.4	56	72.9	64.3	88.3	52.8	3.4	6			
222	2019-03-28T11:16:07	0.23	0.2927	0.1521	0.4352	61.02	-25.59	-23.52	90.73	115.42	188.24	0.2339	0.3029	0.3029	0.1517	0.442	61.9	-27.71	-20.44	101.93	131.98	201.88	17775	0.032	0.0343	476.85	3.08	147.45	486.5				0.4662	72.6	61.5	80.7	83.5	61.1	69.6	81	85	58.7	0	67.3	56	72.8	64.2	88.3	52.8	3.4	6			
223	2019-03-28T11:16:37	0.2302	0.293	0.1521	0.4355	61.05	-25.66	-23.4	91.77	116.8	190.05	0.2341	0.3032	0.3032	0.1517	0.4423	61.93	-27.77	-20.33	103.09	133.54	203.8	17705	0.032	0.0343	476.85	3.11	147.44	486.5				0.4716	72.7	61.5	80.7	83.5	61.2	69.6	80.9	85	58.8	0	67.3	56	72.8	64.2	88.3	52.8	3.4	6			
224	2019-03-28T11:17:07	0.2303	0.2932	0.1521	0.4356	61.06	-25.68	-23.34	92.48	117.73	191.32	0.2342	0.3034	0.3034	0.1518	0.4424	61.95	-27.78	-20.27	103.89	134.59	205.15	17666	0.032	0.0344	476.85	3.13	147.49	486.6				0.475	72.7	61.5	80.7	83.5	61.2	69.6	80.9	85	58.7	0	67.3	56	72.8	64.2	88.3	52.8	3.4	6			
225	2019-03-28T11:17:37	0.2305	0.2936	0.1521	0.4358	61.09	-25.74	-23.24	93.4	118.96	192.89	0.2344	0.3037	0.3037	0.1518	0.4426	61.97	-27.82	-20.17	104.92	135.98	206.82	17346	0.032	0.0344	476.85	3.16	147.58	486.6				0.4795	72.5	61.4	80.7	83.3	61	69.5	80.9	84.9	58.5	0	67.4	55.8	72.8	64.2	88.2	52.6	3.4	6			
226	2019-03-28T11:18:06	0.2306	0.2938	0.1521	0.436	61.11	-25.75	-23.16	93.73	119.39	193.29	0.2345	0.3039	0.3039	0.1518	0.4427	61.99	-27.83	-20.1	105.29	136.45	207.23	17346	0.032	0.0344	476.85	3.17	147.62	486.6				0.4811	72.6	61.4	80.8	83.4	61.1	69.5	80.9	85	58.6	0	67.4	55.9	72.8	64.2	88.3	52.7	3.4	6			
227	2019-03-28T11:18:37	0.2307	0.2942	0.1521	0.4363	61.15	-25.88	-23.05	93.18	118.82	191.92	0.2346	0.3043	0.3043	0.1518	0.443	62.02	-27.94	-19.99	104.67	135.78	205.73	17284	0.033	0.0345	476.85	3.15	147.56	486.7				0.4775	72.5	61.3	80.7	83.4	61	69.4	80.9	84.9	58.5	0	67.2	55.8	72.7	64.1	88.3	52.6	3.4	6			
228	2019-03-28T11:19:07	0.2307	0.2942	0.152	0.4363	61.15	-25.91	-23.04	91.49	116.69	188.46	0.2346	0.3043	0.3043	0.1518	0.443	62.03	-27.96	-19.98	102.78	133.35	202.03	17284	0.033	0.0346	476.85	3.09	147.76	486.7				0.4691	72.5	61.3	80.6	83.4	61	69.4	80.8	84.9	58.5	0	67.2	55.8	72.6	64.1	88.3	52.5	3.4	6			
229	2019-03-28T11:19:37	0.2305	0.2942	0.1519	0.4363	61.15	-25.97	-23.06	89.32	113.99	184.13	0.2345	0.3043	0.3043	0.1517	0.443	62.03	-28.01	-19.99	100.35	130.26	197.39	17284	0.033	0.0346	476.85	3.02	147.56	486.7				0.4583	72.4	61.1	80.6	83.4	60.8	69.3	80.8	84.9	58.3	0	67.1	55.6	72.6	63.9	88.2	52.3	3.4	6			
230	2019-03-28T11:20:07	0.2307	0.2946	0.1519	0.4365	61.19	-26.05	-22.94	88.87	113.5	182.89	0.2346	0.3047	0.3047	0.1517	0.4432	62.06	-28.08	-19.88	99.85	129.68	196.05	17284	0.033	0.0347	476.85	3	147.7	486.7				0.4556	72.4	61.1	80.5	83.5	60.9	69.3	80.7	84.9	58.4	0	66.9	55.7	72.4	63.9	88.3	52.3	3.4	6			
231	2019-03-28T11:20:37	0.2302	0.2939	0.1518	0.4361	61.13	-26	-23.16	85.75	109.48	177.23	0.2341	0.3041	0.3041	0.1515	0.4428	62.01	-28.06	-20.09	96.35	125.13	190	17346	0.033	0.0347	476.85	2.9	147.63	486.7				0.4399	72.3	61	80.5	83.3	60.7	69.1	80.7	84.8	58.1	0	66.9	55.4	72.5	63.8	88.2	52.1	3.4	6		KZ	
232	2019-03-28T11:21:08	0.2282	0.2909	0.1513	0.4339	60.86	-25.76	-24.17	77.68	99.04	163.7	0.232	0.3013	0.3013	0.1509	0.4408	61.76	-27.95	-21.06	87.32	113.38	175.63	19051	0.033	0.0348	476.85	2.67	146.97	486.4				0.4013	72.3	60.8	80.2	83.6	60.7	69.1	80.5	85.1	58.4	0	66.2	55.4	72.2	63.5	88.3	52.1	3.5	6.1		KZ	
233	2019-03-28T11:21:38	0.228	0.2906	0.1512	0.4336	60.83	-25.7	-24.28	76.72	97.76	161.97	0.2318	0.3009	0.3009	0.1509	0.4406	61.73	-27.9	-21.17	86.24	111.94	173.8	19098	0.033	0.0347	476.85	2.64	146.98	486.3				0.3966	72.3	60.8	80.3	83.5	60.7	69.1	80.6	85	58.4	0	66.4	55.4	72.3	63.5	88.3	52.1	3.5	6.1		KZ	
234	2019-03-28T11:22:08	0.2279	0.2903	0.1512	0.4334	60.81	-25.67	-24.37	75.93	96.73	160.55	0.2317	0.3007	0.3007	0.1508	0.4404	61.71	-27.88	-21.25	85.36	110.78	172.28	19098	0.033	0.0347	476.85	2.61	146.93	486.3				0.3927	72.2	60.7	80.3	83.4	60.6	69.1	80.5	85	58.3	0	66.4	55.2	72.4	63.5	88.2	52	3.5	6.1		KY	
235	2019-03-28T11:22:38	0.2278	0.2904	0.1512	0.4335	60.82	-25.72	-24.34	76.4	97.37	161.54	0.2317	0.3008	0.3008	0.1508	0.4405	61.72	-27.92	-21.23	85.89	111.51	173.34	19098	0.033	0.0348	476.85	2.63	146.8	486.3				0.3946	72.2	60.6	80.2	83.4	60.5	69	80.5	85	58.2	0	66.3	55.1	72.3	63.4	88.2	51.9	3.5	6.1		KZ	
236	2019-03-28T11:23:08	0.2283	0.2907	0.1514	0.4338	60.84	-25.64	-24.21	78.25	99.64	164.85	0.2321	0.3011	0.3011	0.151	0.4407	61.75	-27.83	-21.1	87.95	114.08	176.89	19051	0.033	0.0346	476.85	2.69	147.03	486.3				0.4043	72.4	61	80.4	83.6	60.8	69.3	80.6	85.1	58.6	0	66.5	55.6	72.4	63.7	88.4	52.3	3.5	6.1		KZ	
237	2019-03-28T11:23:38	0.2288	0.2915	0.1515	0.4343	60.91	-25.71	-23.96	80.76	102.88	169.34	0.2326	0.3018	0.3018	0.1512	0.4412	61.81	-27.87	-20.86	90.76	117.74	181.66	18518	0.033	0.0346	476.85	2.76	147.05	486.4				0.416	72.4	60.9	80.4	83.5	60.7	69.2	80.7	85	58.4	0	66.6	55.5	72.5	63.7	88.3	52.2	3.4	6.1		KZ	
238	2019-03-28T11:24:08	0.229	0.2917	0.1516	0.4345	60.93	-25.71	-23.89	82.41	104.99	172.53	0.2328	0.302	0.302	0.1512	0.4413	61.82	-27.86	-20.79	92.62	120.14	185.08	18483	0.033	0.0346	476.85	2.82	147.16	486.4				0.4245	72.4	61	80.4	83.5	60.8	69.3	80.7	85	58.5	0	66.7	55.6	72.5	63.8	88.3	52.3	3.4	6.1		KZ	
239	2019-03-28T11:24:38	0.229	0.2917	0.1516	0.4345	60.93	-25.68	-23.88	83.44	106.27	174.62	0.2329	0.302	0.302	0.1513	0.4413	61.82	-27.84	-20.78	93.77	121.6	187.32	18375	0.033	0.0346	476.85	2.85	147.09	486.4				0.4297	72.4	61.1	80.5	83.5	60.8	69.3	80.7	85	58.5	0	66.8	55.6	72.6	63.8	88.3	52.3	3.4	6.1		KZ	
240	2019-03-28T11:25:07	0.2299	0.2929	0.1519	0.4354	61.04	-25.74	-23.46	86.93	110.75	180.41	0.2338	0.3031	0.3031	0.1516	0.4422	61.92	-27.85	-20.39	97.67	126.63	193.47	17742	0.033	0.0345	476.85	2.95	147.49	486.5				0.4466	72.5	61.2	80.6	83.4	60.9	69.4	80.8	84.9	58.5	0	67.1	55.7	72.7	64	88.2	52.5	3.4	6		KZ	
241	2019-03-28T11:25:38	0.2291	0.2916	0.1517	0.4345	60.93	-25.65	-23.88	83.31	106.07	174.31	0.2329	0.3019	0.3019	0.1513	0.4413	61.82	-27.8	-20.79	93.63	121.38	187	18375	0.033	0.0345	476.85	2.84	147.27	486.4				0.4292	72.5	61.1	80.5	83.5	60.9	69.4	80.8	85	58.6	0	66.9	55.7	72.6	63.9	88.3	52.4	3.4	6.1		KZ	
242	2019-03-28T11:26:08	0.2308	0.2941	0.1521	0.4363	61.15	-25.82	-23.05	89.16	113.63	183.52	0.2347	0.3042	0.3042	0.1519	0.443	62.02	-27.87	-19.99	100.16	129.84	196.75	17284	0.033	0.0344	476.85	3.01	147.79	486.7				0.4568	72.6	61.4	80.7	83.5	61.1	69.5	80.9	85	58.6	0	67.3	56	72.7	64.2	88.3	52.7	3.3	6			
243	2019-03-28T11:26:38	0.231	0.2944	0.1522	0.4364	61.16	-25.81	-22.97	88.66	112.98	182.17	0.2349	0.3045	0.3045	0.152	0.4431	62.04	-27.85	-19.91	99.6	129.08	195.3	17284	0.033	0.0344	476.85	2.99	147.97	486.7				0.454	72.7	61.6	80.7	83.7	61.3	69.6	80.9	85.1	58.8	0	67.3	56.2	72.7	64.3	88.4	52.8	3.3	6			
244	2019-03-28T11:27:08	0.2305	0.2935	0.1522	0.4358	61.09	-25.69	-23.25	86.19	109.73	177.96	0.2344	0.3036	0.3036	0.1519	0.4425	61.96	-27.77	-20.19	96.83	125.42	190.83	17346	0.032	0.0343	476.85	2.91	147.88	486.6				0.442	72.6	61.4	80.8	83.4	61.1	69.5	80.9	84.9	58.6	0	67.4	55.9	72.9	64.2	88.2	52.7	3.4	6		KZ	
245	2019-03-28T11:27:38	0.2294	0.2918	0.1519	0.4346	60.94	-25.55	-23.81	82.23	104.59	171.64	0.2332	0.302	0.302	0.1515	0.4414	61.83	-27.7	-20.73	92.4	119.66	184.13	18151	0.032	0.0343	476.85	2.8	147.46	486.4				0.4233	72.5	61.3	80.6	83.4	61	69.5	80.9	85	58.6	0	67.1	55.8	72.8	64.1	88.3	52.6	3.4	6		KZ	
246	2019-03-28T11:28:08	0.2296	0.292	0.1519	0.4348	60.96	-25.55	-23.73	83.21	105.83	173.39	0.2334	0.3022	0.3022	0.1516	0.4416	61.85	-27.69	-20.65	93.49	121.06	185.99	18073	0.032	0.0343	476.85	2.83	147.48	486.4				0.4283	72.6	61.4	80.7	83.5	61.1	69.5	80.9	85	58.7	0	67.2	55.9	72.8	64.2	88.3	52.7	3.4	6		KZ	
247	2019-03-28T11:28:38	0.2298	0.2923	0.152	0.435	60.99	-25.58	-23.63	84.11	107	174.9	0.2336	0.3025	0.3025	0.1516	0.4418	61.87	-27.71	-20.55	94.5	122.37	187.61	17863	0.032	0.0343	476.85	2.85	147.47	486.5				0.4324	72.6	61.4	80.7	83.4	61.1	69.5	80.9	85	58.6	0	67.3	55.9	72.9	64.2	88.3	52.6	3.4	6		KZ	
248	2019-03-28T11:29:08	0.2303	0.2929	0.1521	0.4354	61.04	-25.61	-23.42	85.05	108.2	176.11	0.2341	0.3031	0.3031	0.1518	0.4422	61.92	-27.71	-20.35	95.55	123.71	188.88	17713	0.032	0.0343	476.85	2.88	147.63	486.5				0.4365	72.7	61.5	80.8	83.6	61.2	69.6	81	85.1	58.8	0	67.3	56.1	72.8	64.3	88.4	52.8	3.4	6		KZ	
249	2019-03-28T11:29:38	0.2304	0.2931	0.1522	0.4356	61.05	-25.61	-23.36	85.15	108.33	176.1	0.2343	0.3033	0.3033	0.1519	0.4423	61.93	-27.7	-20.3	95.66	123.84	188.86	17666	0.032	0.0343	476.85	2.88	147.76	486.5				0.437	72.7	61.6	80.8	83.6	61.3	69.6	81	85.1	58.8	0	67.4	56.1	72.8	64.3	88.4	52.9	3.4	6		KZ	
250	2019-03-28T11:30:08	0.2295	0.2916	0.152	0.4345	60.92	-25.45	-23.86	81.15	103.12	169.37	0.2333	0.3018	0.3018	0.1516	0.4413	61.81	-27.61	-20.78	91.17	117.97	181.71	18162	0.032	0.0342	476.85	2.76	147.45	486.4				0.4177	72.6	61.4	80.7	83.5	61.1	69.6	81	85	58.7	0	67.3	56	72.9	64.2	88.3	52.7	3.4	6		KZ	
251	2019-03-28T11:30:38	0.2297	0.2919	0.152	0.4347	60.95	-25.46	-23.75	81.91	104.09	170.59	0.2335	0.3021	0.3021	0.1517	0.4415	61.84	-27.61	-20.68	92.02	119.06	183	18073	0.032	0.0342	476.85	2.78	147.53	486.4				0.4212	72.7	61.5	80.8	83.5	61.2	69.6	81	85.1	58.8	0	67.3	56.1	72.9	64.3	88.3	52.8	3.4	6		KZ	
252	2019-03-28T11:31:08	0.23	0.2922	0.1521	0.4349	60.98	-25.47	-23.64	83.05	105.53	172.55	0.2338	0.3024	0.3024	0.1518	0.4417	61.86	-27.6	-20.57	93.3	120.69	185.1	17841	0.032	0.0342	476.85	2.82	147.62	486.4				0.4269	72.7	61.5	80.8	83.5	61.2	69.6	81	85	58.8	0	67.4	56.1	73	64.3	88.3	52.8	3.4	6		KZ	
253	2019-03-28T11:31:38	0.2296	0.2916	0.1521	0.4345	60.92	-25.39	-23.84	81.41	103.38	169.74	0.2334	0.3018	0.3018	0.1517	0.4413	61.81	-27.54	-20.76	91.46	118.27	182.12	18151	0.032	0.0341	476.85	2.77	147.53	486.4				0.419	72.7	61.6	80.8	83.5	61.3	69.7	81	85.1	58.9	0	67.4	56.1	73	64.3	88.3	52.9	3.4	6		KZ	
254	2019-03-28T11:32:09	0.2296	0.2916	0.1521	0.4345	60.92	-25.38	-23.85	81.47	103.45	169.91	0.2334	0.3018	0.3018	0.1517	0.4413	61.81	-27.54	-20.77	91.53	118.36	182.3	18151	0.032	0.0341	476.85	2.77	147.51	486.4				0.4191	72.7	61.6	80.8	83.5	61.3	69.7	81	85.1	58.9	0	67.4	56.1	73	64.3	88.3	52.9	3.4	6		KZ	
255	2019-03-28T11:32:39	0.2298	0.2917	0.1521	0.4346	60.93	-25.36	-23.79	81.66	103.68	170.07	0.2335	0.3019	0.3019	0.1518	0.4414	61.82	-27.52	-20.72	91.74	118.59	182.47	18073	0.032	0.0341	476.85	2.77	147.54	486.4				0.42	72.8	61.6	80.8	83.5	61.3	69.7	81.1	85.1	58.9	0	67.5	56.2	73	64.4	88.4	53	3.4	6		KZ	
256	2019-03-28T11:33:08	0.2302	0.2921	0.1523	0.4349	60.97	-25.35	-23.64	83.38	105.83	173.06	0.2339	0.3023	0.3023	0.1519	0.4417	61.85	-27.49	-20.58	93.66	121.03	185.66	17829	0.032	0.034	476.85	2.83	147.61	486.4				0.4284	72.8	61.8	80.9	83.5	61.4	69.8	81.1	85.1	59	0	67.7	56.3	73.1	64.5	88.3	53.1	3.4	6		KZ	
257	2019-03-28T11:33:39	0.2299	0.2918	0.1522	0.4347	60.94	-25.34	-23.76	81.79	103.82	170.21	0.2337	0.302	0.302	0.1518	0.4415	61.83	-27.49	-20.69	91.89	118.76	182.62	17915	0.032	0.034	476.85	2.78	147.47	486.4				0.4206	72.7	61.7	80.9	83.4	61.3	69.7	81.1	85	58.8	0	67.6	56.1	73.1	64.4	88.3	53	3.4	6		KZ	
258	2019-03-28T11:34:10	0.23	0.2918	0.1523	0.4347	60.94	-25.29	-23.76	81.86	103.86	170.25	0.2337	0.302	0.302	0.1519	0.4415	61.82	-27.44	-20.69	91.96	118.79	182.66	17889	0.032	0.034	476.85	2.78	147.54	486.4				0.4208	72.8	61.7	80.9	83.5	61.4	69.8	81.1	85.1	58.9	0	67.7	56.2	73.2	64.5	88.3	53.1	3.4	6		KZ	
259	2019-03-28T11:34:39	0.2299	0.2918	0.1523	0.4346	60.94	-25.3	-23.76	81.82	103.81	170.19	0.2337	0.3019	0.3019	0.1519	0.4414	61.82	-27.45	-20.7	91.91	118.74	182.6	17908	0.032	0.034	476.85	2.78	147.56	486.4				0.4208	72.8	61.7	80.9	83.5	61.4	69.8	81.1	85	58.9	0	67.7	56.2	73.2	64.5	88.3	53.1	3.4	6		KZ	