;GL_SpectroSoft	3.1.07
;SPX	6.4.2(0.7.2)
Pos	Name	x2	y2	u2'	v2'	L2	a2	b2	X2	Y2	Z2	x10	y10	y10	u10'	v10'	L10	a10	b10	X10	Y10	Z10	CCT	ChErr	Duv	ColPeak	ColPeakVal	Lambda2	ColDom	LumInt	LumEff	Purity	Radiometric	Ra	R1	R2	R3	R4	R5	R6	R7	R8	R9	R10	R11	R12	R13	R14	R15	Mivis	Miuv	Binning	Brightness	Pass
										lx													K			nm		nm	nm				W/m²																					
1	2019-03-21T09:21:18	0.3344	0.3908	0.1905	0.501	68.81	-18.52	16.19	18328.3	21422.5	15063.91	0.3409	0.3927	0.3927	0.194	0.5027	68.95	-16.85	17.77	20157.59	23218.65	15752.28	5451	0.023	0.0226	534.52	329.06	231.64	555.3				73.837	84.2	79.7	88.9	94.6	78.8	81.1	88	90.2	72.1	19.8	79.3	77.1	76.6	81.5	95.9	71.6	1.8	3.5			
2	2019-03-21T09:21:48	0.3396	0.3927	0.1932	0.5025	68.95	-17.3	17.57	21412.54	24758.5	16875.1	0.3461	0.3944	0.3944	0.1966	0.5041	69.07	-15.61	19.09	23514.71	26793.78	17633.43	5284	0.022	0.0213	550.45	376.84	238.92	558.9				86.1682	85.1	81	89.6	95.1	80.1	82.2	88.7	90.8	73.7	25.3	80.3	78.6	77.6	82.7	96.3	73.3	1.7	3.4			
3	2019-03-21T09:22:18	0.3444	0.3943	0.1956	0.5039	69.06	-16.18	18.79	24624.64	28194.83	18685.54	0.3508	0.3958	0.3958	0.1991	0.5054	69.17	-14.49	20.28	27005.21	30472.61	19511.66	5140	0.02	0.0202	550.45	426.64	241.85	561.6				99.2303	86	82.2	90.2	95.5	81.3	83.2	89.2	91.3	75.1	30.3	81.3	79.9	78.4	83.8	96.7	74.9	1.7	3.2			
4	2019-03-21T09:22:48	0.3431	0.3939	0.1949	0.5035	69.03	-16.48	18.45	23024.07	26432.22	17654.54	0.3495	0.3954	0.3954	0.1984	0.5051	69.14	-14.79	19.94	25260.63	28577.52	18440.6	5179	0.021	0.0205	550.45	400.89	240.72	560.9				92.5607	85.7	81.8	90	95.4	80.9	82.9	89.1	91.1	74.6	28.6	81	79.5	78.2	83.4	96.6	74.4	1.7	3.3			
5	2019-03-21T09:23:18	0.3399	0.3928	0.1933	0.5026	68.96	-17.26	17.64	20568.91	23775.58	16178.42	0.3463	0.3945	0.3945	0.1968	0.5042	69.07	-15.57	19.16	22588.39	25727.77	16905.79	5278	0.022	0.0213	550.45	362.09	238.42	559				82.5616	85.1	81	89.6	95.1	80.1	82.2	88.6	90.8	73.5	25	80.3	78.5	77.5	82.6	96.3	73.2	1.7	3.4			
6	2019-03-21T09:23:49	0.3359	0.3914	0.1912	0.5015	68.86	-18.19	16.61	18095.23	21088.15	14689.31	0.3424	0.3932	0.3932	0.1947	0.5031	68.98	-16.5	18.17	19894.38	22845.32	15358.06	5402	0.023	0.0223	550.45	322.64	233.29	556.4				72.6621	84.3	79.9	89.1	94.7	79	81.3	88.2	90.3	72.3	20.7	79.4	77.4	76.8	81.7	96	71.9	1.8	3.5			
7	2019-03-21T09:24:19	0.3313	0.3896	0.189	0.5	68.72	-19.2	15.37	15920.42	18721.31	13410.96	0.3379	0.3916	0.3916	0.1924	0.5018	68.87	-17.55	16.97	17524.98	20309.61	14030.84	5552	0.024	0.0233	534.52	288.73	224.84	552.7				64.0828	83.6	78.8	88.5	94.2	77.9	80.5	87.7	89.9	71	16.2	78.6	76.2	76.1	80.7	95.7	70.4	1.8	3.6			
8	2019-03-21T09:24:49	0.3263	0.3874	0.1865	0.4984	68.57	-20.28	13.99	13914.91	16521.88	12207.4	0.3329	0.3897	0.3897	0.19	0.5003	68.73	-18.67	15.64	15337.34	17951.87	12780.45	5723	0.025	0.0244	534.52	257.55	213.07	547.7				56.2595	82.8	77.7	88	93.7	76.8	79.5	87.1	89.4	69.8	11.5	77.8	74.9	75.4	79.7	95.3	69	1.9	3.8			
9	2019-03-21T09:25:19	0.321	0.3849	0.184	0.4965	68.38	-21.35	12.47	12144.59	14560.96	11127.81	0.3276	0.3874	0.3874	0.1874	0.4985	68.56	-19.8	14.18	13403.9	15848.94	11659.13	5912	0.026	0.0255	509.47	230	208.07	540.6				49.4217	81.9	76.4	87.4	93.1	75.6	78.6	86.6	89	68.5	6.6	76.9	73.5	74.8	78.5	94.9	67.5	2	4			
10	2019-03-21T09:25:48	0.319	0.384	0.1831	0.4958	68.31	-21.78	11.93	11642.24	14014.03	10839.81	0.3256	0.3866	0.3866	0.1864	0.4979	68.51	-20.26	13.66	12856.03	15263.94	11359.6	5986	0.026	0.026	509.47	223.26	205.39	537.4				47.5224	81.6	75.9	87.2	92.9	75.1	78.2	86.4	88.8	68	4.6	76.5	73	74.5	78.1	94.7	66.9	2	4			
11	2019-03-21T09:26:19	0.3194	0.3847	0.1831	0.4962	68.37	-21.87	12.18	10457.34	12595.87	9689.18	0.3261	0.3873	0.3873	0.1864	0.4983	68.56	-20.32	13.92	11547.81	13716.24	10150.83	5970	0.027	0.0262	509.47	200.6	205.2	538.2				42.6296	81.5	75.8	87.1	92.9	74.9	78.1	86.3	88.7	67.8	4.1	76.4	72.8	74.3	78	94.7	66.7	2	4			
12	2019-03-21T09:26:49	0.3174	0.3833	0.1823	0.4953	68.26	-22.13	11.51	11313.91	13661.53	10665.15	0.3241	0.386	0.386	0.1856	0.4975	68.46	-20.62	13.26	12498.82	14887.58	11178.69	6043	0.027	0.0264	509.47	218.84	203.45	534.7				46.2727	81.2	75.5	87	92.7	74.6	77.9	86.2	88.6	67.5	2.8	76.2	72.5	74.2	77.7	94.5	66.3	2	4.1			
13	2019-03-21T09:27:19	0.3167	0.383	0.182	0.4951	68.24	-22.28	11.32	11314.32	13681.81	10726.46	0.3234	0.3858	0.3858	0.1853	0.4972	68.44	-20.79	13.08	12501.53	14913.27	11243.47	6071	0.027	0.0266	509.47	219.88	201.96	533.4				46.3077	81.1	75.3	86.9	92.6	74.4	77.8	86.1	88.5	67.3	2.1	76.1	72.3	74.1	77.5	94.5	66.1	2	4.1			
14	2019-03-21T09:27:49	0.316	0.3828	0.1816	0.4949	68.23	-22.47	11.16	11311.84	13702.04	10779.61	0.3227	0.3856	0.3856	0.1849	0.4971	68.43	-20.98	12.94	12501.27	14938.87	11299.16	6097	0.027	0.0268	509.47	220.94	200.56	532.3				46.3291	81	75.1	86.8	92.5	74.2	77.6	86	88.4	67.1	1.2	75.9	72	74	77.3	94.4	65.8	2	4.2			
15	2019-03-21T09:28:19	0.3154	0.3825	0.1813	0.4947	68.21	-22.62	10.98	11281.1	13683.41	10807.23	0.322	0.3854	0.3854	0.1845	0.4969	68.41	-21.13	12.77	12469.63	14921.6	11328.95	6121	0.027	0.027	509.47	221.1	199.28	531				46.2407	80.8	74.9	86.7	92.4	74	77.4	85.9	88.4	66.8	0.3	75.8	71.8	73.9	77.1	94.3	65.5	2	4.2			
16	2019-03-21T09:28:49	0.3147	0.3822	0.1809	0.4944	68.18	-22.75	10.79	11280.39	13699.3	10864.91	0.3214	0.3851	0.3851	0.1842	0.4966	68.39	-21.28	12.59	12470.78	14942.29	11390.31	6148	0.028	0.0271	509.47	221.69	198.41	529.8				46.2833	80.7	74.7	86.6	92.4	73.9	77.3	85.8	88.3	66.7	0	75.7	71.6	73.8	77	94.3	65.4	2	4.2			
17	2019-03-21T09:29:19	0.3143	0.3819	0.1808	0.4943	68.16	-22.81	10.66	11084.95	13469.06	10713.42	0.321	0.3848	0.3848	0.1841	0.4965	68.37	-21.34	12.46	12255.83	14693.17	11232.9	6162	0.028	0.0272	509.47	218.32	198.08	529				45.5276	80.7	74.7	86.6	92.3	73.8	77.3	85.8	88.3	66.6	0	75.6	71.6	73.8	77	94.3	65.3	2	4.2			
18	2019-03-21T09:29:49	0.3142	0.3818	0.1807	0.4942	68.16	-22.82	10.62	10672.11	12969.22	10323.8	0.3209	0.3847	0.3847	0.184	0.4964	68.37	-21.35	12.42	11799.72	14148.3	10825	6168	0.028	0.0272	509.47	210.03	197.76	528.8				43.8159	80.7	74.7	86.6	92.4	73.8	77.3	85.8	88.3	66.6	0	75.6	71.6	73.7	77	94.3	65.3	2	4.2			
19	2019-03-21T09:30:19	0.3143	0.3819	0.1808	0.4942	68.16	-22.82	10.64	10368.29	12599.39	10025.43	0.3209	0.3848	0.3848	0.184	0.4965	68.37	-21.34	12.44	11463.73	13744.46	10512	6166	0.028	0.0272	509.47	204.02	197.76	528.9				42.573	80.7	74.7	86.6	92.4	73.8	77.3	85.8	88.3	66.6	0	75.6	71.6	73.7	76.9	94.3	65.3	2	4.2			
20	2019-03-21T09:30:49	0.3142	0.3818	0.1807	0.4942	68.15	-22.82	10.6	10082.1	12252.24	9758.51	0.3208	0.3847	0.3847	0.184	0.4964	68.36	-21.35	12.39	11147.57	13366.22	10232.91	6169	0.028	0.0272	509.47	198.48	197.69	528.7				41.4128	80.7	74.7	86.6	92.4	73.8	77.2	85.8	88.3	66.6	0	75.6	71.5	73.7	76.9	94.3	65.3	2	4.2			
21	2019-03-21T09:31:19	0.314	0.3817	0.1807	0.4941	68.15	-22.85	10.57	9889.32	12021.07	9579.49	0.3207	0.3846	0.3846	0.1839	0.4964	68.36	-21.38	12.37	10934.88	13114.3	10045.24	6173	0.028	0.0272	509.47	194.93	196.99	528.5				40.6283	80.6	74.6	86.5	92.3	73.7	77.2	85.7	88.3	66.6	0	75.5	71.5	73.7	76.9	94.2	65.2	2	4.2			
22	2019-03-21T09:31:49	0.3138	0.3816	0.1806	0.494	68.14	-22.89	10.49	9675.5	11765.27	9393.7	0.3205	0.3845	0.3845	0.1838	0.4963	68.35	-21.42	12.28	10699.08	12836.42	9851.04	6184	0.028	0.0273	509.47	190.92	196.81	528				39.7649	80.6	74.5	86.5	92.3	73.7	77.2	85.7	88.3	66.5	0	75.5	71.4	73.7	76.8	94.2	65.1	2	4.2			
23	2019-03-21T09:32:19	0.3134	0.3813	0.1804	0.4939	68.12	-22.94	10.36	9658.55	11750.38	9407.98	0.3201	0.3842	0.3842	0.1837	0.4961	68.33	-21.48	12.16	10681.16	12822.09	9866.93	6199	0.028	0.0273	509.47	191.05	196.08	527.2				39.719	80.6	74.5	86.5	92.3	73.6	77.1	85.7	88.3	66.5	0	75.5	71.4	73.7	76.8	94.2	65.1	2.1	4.3			
24	2019-03-21T09:32:49	0.3132	0.3813	0.1803	0.4938	68.11	-23	10.32	9507.72	11573.86	9274.46	0.3199	0.3842	0.3842	0.1836	0.4961	68.33	-21.54	12.12	10515.08	12630.05	9726.68	6208	0.028	0.0274	509.47	188.09	195.91	526.9				39.1084	80.5	74.4	86.5	92.3	73.5	77	85.6	88.2	66.4	0	75.4	71.3	73.6	76.7	94.2	65	2.1	4.3			
25	2019-03-21T09:33:19	0.3129	0.3811	0.1802	0.4937	68.1	-23.03	10.22	9480.85	11544.54	9270.59	0.3196	0.384	0.384	0.1834	0.4959	68.32	-21.58	12.03	10485.9	12599.59	9723.28	6218	0.028	0.0274	509.47	187.92	195.34	526.3				39.0116	80.5	74.4	86.5	92.2	73.5	77	85.7	88.2	66.3	0	75.4	71.2	73.6	76.7	94.2	64.9	2.1	4.3			
26	2019-03-21T09:33:49	0.3129	0.3811	0.1801	0.4937	68.1	-23.07	10.24	9539.22	11619.05	9327.08	0.3196	0.3841	0.3841	0.1834	0.496	68.32	-21.61	12.05	10550.73	12680.73	9782.17	6218	0.028	0.0275	507.67	189.18	195.26	526.4				39.2666	80.4	74.3	86.4	92.2	73.5	77	85.6	88.2	66.3	0	75.3	71.2	73.6	76.6	94.1	64.9	2.1	4.3			
27	2019-03-21T09:34:19	0.3127	0.381	0.1801	0.4936	68.09	-23.1	10.17	9605.34	11703.36	9409.23	0.3194	0.384	0.384	0.1833	0.4959	68.31	-21.64	11.98	10624.55	12773.68	9869.32	6229	0.028	0.0275	509.47	190.6	195.11	525.9				39.5495	80.4	74.3	86.4	92.2	73.4	77	85.6	88.2	66.3	0	75.3	71.1	73.5	76.6	94.2	64.8	2.1	4.3			
28	2019-03-21T09:34:49	0.3125	0.381	0.18	0.4936	68.09	-23.16	10.13	9584.64	11683.84	9400.96	0.3192	0.384	0.384	0.1832	0.4958	68.31	-21.7	11.95	10602.13	12753.12	9860.12	6233	0.028	0.0276	509.47	190.59	194.4	525.6				39.4774	80.4	74.2	86.4	92.1	73.3	76.9	85.6	88.2	66.2	0	75.2	71	73.5	76.5	94.1	64.7	2.1	4.3			
29	2019-03-21T09:35:19	0.3123	0.3809	0.1798	0.4935	68.09	-23.21	10.09	9530.43	11623.54	9361.82	0.319	0.3839	0.3839	0.1831	0.4958	68.31	-21.76	11.9	10542.9	12688.01	9819.52	6244	0.028	0.0276	507.67	189.54	194.39	525.3				39.265	80.3	74.1	86.3	92.1	73.3	76.8	85.5	88.2	66.1	0	75.2	71	73.4	76.4	94.1	64.7	2.1	4.3			
30	2019-03-21T09:35:49	0.3121	0.3807	0.1798	0.4934	68.07	-23.23	9.99	9539.92	11637.4	9393.2	0.3187	0.3837	0.3837	0.183	0.4957	68.29	-21.78	11.81	10553.7	12704.54	9852.66	6253	0.028	0.0276	509.47	190.09	193.8	524.7				39.3255	80.3	74.1	86.3	92.1	73.3	76.8	85.5	88.1	66.1	0	75.2	70.9	73.4	76.4	94.1	64.6	2.1	4.3			
31	2019-03-21T09:36:19	0.3119	0.3807	0.1797	0.4934	68.07	-23.28	9.98	9515.02	11611.95	9375.73	0.3186	0.3837	0.3837	0.1829	0.4957	68.29	-21.83	11.8	10526.57	12677.24	9833.87	6258	0.028	0.0277	509.47	189.75	193.77	524.6				39.2159	80.3	74	86.3	92.1	73.2	76.8	85.5	88.1	66	0	75.1	70.9	73.4	76.4	94.1	64.6	2.1	4.3			
32	2019-03-21T09:36:49	0.3119	0.3807	0.1796	0.4934	68.07	-23.31	9.98	9412.22	11489.5	9276.86	0.3186	0.3838	0.3838	0.1829	0.4957	68.3	-21.86	11.8	10413.19	12543.54	9729.95	6258	0.028	0.0277	509.47	187.55	193.79	524.5				38.7985	80.2	74	86.3	92	73.1	76.7	85.5	88.1	65.9	0	75.1	70.8	73.4	76.3	94	64.5	2.1	4.3			
33	2019-03-21T09:37:19	0.3117	0.3806	0.1796	0.4933	68.07	-23.34	9.92	9373.81	11446.27	9252.42	0.3184	0.3837	0.3837	0.1828	0.4956	68.29	-21.89	11.75	10371.19	12496.95	9704.86	6266	0.028	0.0278	509.47	187.2	193.21	524.1				38.6513	80.2	73.9	86.2	92.1	73.1	76.7	85.4	88.1	65.9	0	75	70.7	73.3	76.3	94	64.4	2.1	4.3			
34	2019-03-21T09:37:49	0.3113	0.3803	0.1794	0.4931	68.04	-23.39	9.77	9238.5	11287	9154.99	0.3179	0.3834	0.3834	0.1826	0.4954	68.27	-21.96	11.6	10222.3	12325.47	9603.61	6288	0.028	0.0278	509.47	184.82	192.97	523.2				38.129	80.2	73.9	86.2	92	73.1	76.7	85.4	88.1	65.9	0	75	70.7	73.3	76.2	94	64.4	2.1	4.4			
35	2019-03-21T09:38:19	0.3111	0.3802	0.1793	0.493	68.03	-23.43	9.71	9146.81	11178.62	9078.86	0.3177	0.3832	0.3832	0.1825	0.4953	68.26	-21.99	11.53	10121.57	12207.77	9524.61	6293	0.028	0.0279	509.47	183.15	192.68	522.9				37.7516	80.1	73.8	86.2	92	73	76.6	85.4	88	65.8	0	75	70.6	73.3	76.2	94	64.3	2.1	4.4			
36	2019-03-21T09:38:49	0.3109	0.3801	0.1792	0.493	68.03	-23.48	9.67	9130.94	11164.12	9074.13	0.3176	0.3832	0.3832	0.1824	0.4953	68.26	-22.04	11.5	10104.45	12192.52	9519.4	6302	0.028	0.0279	509.47	183.02	192.52	522.6				37.6965	80.1	73.8	86.2	92	73	76.6	85.4	88	65.8	0	74.9	70.6	73.2	76.1	94	64.2	2.1	4.4			
37	2019-03-21T09:39:19	0.3108	0.3801	0.1791	0.4929	68.03	-23.51	9.63	9159.36	11202.09	9112.96	0.3174	0.3831	0.3831	0.1824	0.4952	68.25	-22.07	11.46	10136.41	12234.38	9560.61	6307	0.028	0.028	509.47	183.69	192.45	522.3				37.8253	80	73.7	86.1	92	72.9	76.5	85.3	88	65.7	0	74.8	70.5	73.2	76.1	94	64.2	2.1	4.4			
38	2019-03-21T09:39:50	0.3107	0.38	0.1791	0.4929	68.02	-23.52	9.62	9078.06	11103.73	9034.83	0.3174	0.3831	0.3831	0.1823	0.4952	68.25	-22.09	11.46	10046.44	12127.21	9478.23	6307	0.028	0.028	509.47	182.24	192.25	522.3				37.4919	80	73.7	86.1	92	72.9	76.5	85.3	88	65.7	0	74.9	70.5	73.2	76.1	94	64.1	2.1	4.4			
39	2019-03-21T09:40:20	0.3105	0.3799	0.179	0.4928	68.02	-23.56	9.56	9024.94	11043.07	8997.85	0.3172	0.383	0.383	0.1822	0.4952	68.24	-22.13	11.4	9988.15	12061.89	9439.79	6315	0.028	0.028	509.47	181.33	192.08	521.9				37.2861	80	73.7	86.1	91.9	72.8	76.5	85.3	88	65.7	0	74.8	70.4	73.2	76	93.9	64.1	2.1	4.4			
40	2019-03-21T09:40:50	0.3104	0.3798	0.179	0.4928	68.01	-23.56	9.52	8920.05	10915.19	8900.58	0.3171	0.383	0.383	0.1822	0.4951	68.24	-22.14	11.36	9872.29	11922.67	9338.39	6319	0.028	0.028	507.67	179.3	191.96	521.7				36.8727	80	73.6	86.1	91.9	72.8	76.5	85.3	88	65.7	0	74.8	70.4	73.2	76	93.9	64.1	2.1	4.4			
41	2019-03-21T09:41:20	0.3103	0.3798	0.1789	0.4927	68	-23.57	9.48	8960.76	10966.36	8950.02	0.317	0.3829	0.3829	0.1822	0.4951	68.23	-22.15	11.32	9917.57	11978.96	9390.42	6326	0.028	0.028	509.47	180.1	192.1	521.5				37.0456	80	73.6	86.1	91.9	72.8	76.5	85.3	88	65.7	0	74.8	70.4	73.1	76	93.9	64.1	2.1	4.4			
42	2019-03-21T09:41:50	0.3103	0.3798	0.1789	0.4927	68.01	-23.61	9.49	8913.28	10911.66	8904.31	0.3169	0.3829	0.3829	0.1821	0.4951	68.24	-22.19	11.33	9865.23	11919.39	9342.05	6326	0.028	0.0281	507.67	179.28	191.84	521.4				36.8504	80	73.6	86.1	91.9	72.8	76.4	85.3	88	65.6	0	74.8	70.4	73.1	76	93.9	64	2.1	4.4			
43	2019-03-21T09:42:20	0.3101	0.3797	0.1788	0.4927	68	-23.63	9.43	9010.52	11032.53	9014.09	0.3168	0.3828	0.3828	0.1821	0.495	68.23	-22.21	11.27	9973.1	12052.01	9457.2	6335	0.029	0.0281	509.47	181.28	191.81	521.1				37.2537	79.9	73.6	86.1	91.9	72.7	76.4	85.3	88	65.6	0	74.7	70.3	73.1	75.9	93.9	64	2.1	4.4			
44	2019-03-21T09:42:50	0.3099	0.3795	0.1788	0.4926	67.99	-23.64	9.37	8830.51	10813.38	8846.98	0.3166	0.3827	0.3827	0.182	0.4949	68.22	-22.22	11.21	9774.26	11813.19	9282.72	6339	0.028	0.0281	507.67	177.66	191.54	520.8				36.521	79.9	73.5	86.1	91.9	72.7	76.4	85.2	88	65.6	0	74.7	70.3	73.1	75.9	93.9	64	2.1	4.4			
45	2019-03-21T09:43:20	0.3098	0.3795	0.1787	0.4925	67.98	-23.68	9.33	8788.75	10766.03	8816.89	0.3165	0.3826	0.3826	0.1819	0.4949	68.21	-22.26	11.17	9728.43	11762.37	9251.35	6347	0.029	0.0281	507.67	177.12	191.3	520.5				36.3652	79.9	73.5	86	91.9	72.7	76.4	85.2	87.9	65.5	0	74.7	70.3	73.1	75.9	93.9	63.9	2.1	4.4			
46	2019-03-21T09:43:50	0.3097	0.3794	0.1787	0.4925	67.98	-23.68	9.32	8848.69	10840.06	8879.6	0.3164	0.3826	0.3826	0.1819	0.4949	68.21	-22.27	11.16	9794.9	11843.39	9317.19	6347	0.029	0.0281	509.47	178.46	191.22	520.4				36.621	79.9	73.5	86	91.8	72.7	76.4	85.2	87.9	65.5	0	74.7	70.2	73.1	75.9	93.9	63.9	2.1	4.4			
47	2019-03-21T09:44:20	0.3097	0.3795	0.1787	0.4925	67.98	-23.69	9.32	8928.14	10937.74	8958.47	0.3164	0.3826	0.3826	0.1819	0.4949	68.21	-22.27	11.16	9882.84	11950.06	9399.93	6347	0.029	0.0281	509.47	180.01	191.41	520.5				36.949	79.9	73.5	86	91.9	72.7	76.4	85.2	87.9	65.5	0	74.7	70.2	73.1	75.9	93.9	63.9	2.1	4.4			
48	2019-03-21T09:44:50	0.3098	0.3797	0.1787	0.4926	67.99	-23.71	9.38	8982.17	11006.41	9002.3	0.3165	0.3828	0.3828	0.1819	0.495	68.23	-22.3	11.23	9942.54	12024.66	9444.43	6344	0.029	0.0282	509.47	181.09	191.35	520.7				37.1329	79.9	73.4	86	91.8	72.6	76.3	85.2	87.9	65.5	0	74.7	70.2	73	75.8	93.9	63.9	2.1	4.4			
49	2019-03-21T09:45:20	0.3098	0.3794	0.1787	0.4925	67.98	-23.67	9.32	8991.31	11013.27	9020.99	0.3164	0.3826	0.3826	0.1819	0.4949	68.21	-22.26	11.16	9952.41	12032.86	9465.34	6347	0.029	0.0281	509.47	181.19	191.44	520.5				37.2282	79.9	73.5	86.1	91.8	72.7	76.4	85.3	87.9	65.6	0	74.8	70.3	73.1	75.9	93.9	64	2.1	4.4			
50	2019-03-21T09:45:50	0.3098	0.3793	0.1788	0.4925	67.97	-23.61	9.29	9050.03	11079.96	9080.29	0.3165	0.3825	0.3825	0.182	0.4948	68.2	-22.21	11.14	10016.82	12106.01	9527.83	6344	0.028	0.0281	509.47	182.35	191.79	520.5				37.4618	80	73.6	86.1	91.9	72.8	76.5	85.3	88	65.7	0	74.9	70.4	73.2	76	93.9	64.1	2.1	4.4			
51	2019-03-21T09:46:20	0.3098	0.3792	0.1788	0.4924	67.96	-23.6	9.27	8984.46	10998.71	9018.9	0.3164	0.3824	0.3824	0.182	0.4948	68.2	-22.21	11.11	9944.18	12018.13	9464.17	6347	0.028	0.028	509.47	181.43	191.83	520.4				37.1895	80	73.7	86.2	91.8	72.9	76.6	85.4	88	65.8	0	75	70.5	73.4	76.1	93.9	64.2	2.1	4.4			
52	2019-03-21T09:46:50	0.3097	0.379	0.1788	0.4923	67.95	-23.57	9.18	8886.9	10876.83	8935.08	0.3163	0.3822	0.3822	0.1819	0.4947	68.18	-22.2	11.03	9835.75	11886.45	9376.38	6351	0.028	0.028	507.67	179.48	191.84	520				36.8052	80.1	73.8	86.2	91.8	73	76.7	85.5	88	65.9	0	75.2	70.6	73.5	76.2	93.9	64.3	2.1	4.4			
53	2019-03-21T09:47:20	0.3095	0.379	0.1787	0.4923	67.95	-23.61	9.16	9004.04	11024.22	9060.35	0.3162	0.3822	0.3822	0.1819	0.4946	68.18	-22.23	11.01	9965.95	12047.79	9508.3	6358	0.028	0.028	507.67	182.11	191.35	519.8				37.2998	80.1	73.8	86.2	91.8	72.9	76.6	85.4	88	65.8	0	75.1	70.6	73.5	76.1	93.9	64.2	2.1	4.4			
54	2019-03-21T09:47:50	0.3095	0.3791	0.1787	0.4923	67.95	-23.64	9.18	9045.8	11077.99	9100.56	0.3162	0.3822	0.3822	0.1819	0.4947	68.19	-22.24	11.03	10012.94	12105.09	9550.19	6358	0.028	0.0281	507.67	182.62	191.36	519.9				37.4492	79.9	73.6	86.1	91.8	72.7	76.4	85.3	88	65.6	0	74.8	70.3	73.2	75.9	93.9	64	2.1	4.4			
55	2019-03-21T09:48:20	0.3096	0.3792	0.1786	0.4924	67.96	-23.67	9.22	9072.97	11113.92	9122.05	0.3163	0.3823	0.3823	0.1819	0.4947	68.19	-22.23	11.06	10044.06	12141.95	9572.64	6356	0.028	0.0281	509.47	182.28	191.31	520				37.5323	79.8	73.3	86	91.9	72.5	76.2	85.1	87.9	65.3	0	74.5	70	72.8	75.7	93.9	63.7	2.1	4.4			
56	2019-03-21T09:48:50	0.3098	0.3793	0.1787	0.4925	67.97	-23.63	9.3	9307.22	11396.62	9339.2	0.3165	0.3824	0.3824	0.182	0.4948	68.2	-22.17	11.12	10303.34	12448.61	9800.37	6347	0.028	0.0281	507.67	186.47	191.74	520.4				38.4746	79.7	73.2	85.9	92	72.4	76.1	85	87.9	65.2	0	74.3	69.9	72.7	75.6	93.9	63.6	2.1	4.4			
57	2019-03-21T09:49:20	0.3103	0.3797	0.1789	0.4927	68	-23.57	9.46	9369.77	11466.56	9362.67	0.317	0.3827	0.3827	0.1822	0.495	68.22	-22.11	11.29	10371.58	12522.82	9823.63	6326	0.028	0.028	509.47	187.13	192.1	521.4				38.695	79.7	73.2	85.9	92	72.4	76.1	85.1	87.9	65.2	0	74.4	69.9	72.7	75.7	93.9	63.6	2.1	4.4			
58	2019-03-21T09:49:50	0.3109	0.3801	0.1792	0.493	68.03	-23.47	9.67	9533.39	11655.23	9474	0.3176	0.3831	0.3831	0.1825	0.4953	68.25	-21.99	11.49	10551.02	12726.09	9939.17	6302	0.028	0.0279	507.67	189.97	192.79	522.6				39.29	79.9	73.4	86	92.1	72.6	76.3	85.1	87.9	65.4	0	74.5	70.2	72.8	75.8	94	63.9	2.1	4.4			
59	2019-03-21T09:50:20	0.3113	0.3803	0.1794	0.4931	68.04	-23.38	9.78	9636.04	11771.16	9545.08	0.318	0.3833	0.3833	0.1827	0.4954	68.27	-21.92	11.6	10662.96	12852.24	10012.93	6283	0.028	0.0278	509.47	191.85	193.21	523.3				39.7183	80	73.7	86.1	92	72.8	76.5	85.3	88	65.6	0	74.8	70.4	73	76.1	94	64.1	2.1	4.4			
60	2019-03-21T09:50:50	0.3116	0.3804	0.1795	0.4932	68.05	-23.31	9.83	9666.09	11800.97	9558.45	0.3182	0.3834	0.3834	0.1828	0.4955	68.27	-21.88	11.66	10694.68	12885.5	10026.49	6273	0.028	0.0277	509.47	193	193.21	523.7				39.8441	80.2	73.9	86.3	92	73.1	76.7	85.5	88.1	65.9	0	75.1	70.8	73.4	76.3	94	64.4	2.1	4.3			
61	2019-03-21T09:51:20	0.3117	0.3804	0.1796	0.4932	68.05	-23.27	9.88	9629.43	11751.53	9509.03	0.3184	0.3835	0.3835	0.1828	0.4955	68.28	-21.85	11.7	10653.19	12831.71	9974.61	6266	0.028	0.0277	509.47	192.42	193.69	524.1				39.7039	80.3	74.1	86.4	92	73.3	76.9	85.6	88.1	66.1	0	75.3	71	73.6	76.4	94	64.6	2.1	4.3			
62	2019-03-21T09:51:50	0.3118	0.3805	0.1796	0.4933	68.06	-23.29	9.9	9665.24	11796.81	9540.6	0.3184	0.3836	0.3836	0.1828	0.4956	68.28	-21.86	11.73	10692.86	12880.87	10007.18	6266	0.028	0.0277	509.47	193.3	193.46	524.1				39.8516	80.3	74.1	86.3	92	73.2	76.8	85.6	88.1	66.1	0	75.2	70.9	73.5	76.4	94	64.6	2.1	4.3			
63	2019-03-21T09:52:20	0.3116	0.3805	0.1796	0.4933	68.06	-23.33	9.88	9592.68	11712.33	9475.68	0.3183	0.3836	0.3836	0.1828	0.4955	68.28	-21.88	11.71	10613.36	12787.91	9939.26	6270	0.028	0.0277	509.47	191.44	193.43	524				39.5395	80.2	73.9	86.3	92.1	73.1	76.7	85.4	88.1	65.9	0	75	70.7	73.3	76.3	94	64.4	2.1	4.3			
64	2019-03-21T09:52:51	0.3115	0.3805	0.1795	0.4932	68.06	-23.37	9.86	9559.74	11676.94	9452.09	0.3182	0.3835	0.3835	0.1827	0.4955	68.28	-21.92	11.69	10577.6	12749.32	9914.26	6276	0.028	0.0278	507.67	190.72	193.27	523.8				39.4168	80.1	73.8	86.2	92	73	76.6	85.4	88	65.8	0	74.9	70.6	73.2	76.2	94	64.3	2.1	4.3			
65	2019-03-21T09:53:21	0.3113	0.3804	0.1794	0.4932	68.05	-23.42	9.8	9520.75	11634.73	9430.02	0.318	0.3835	0.3835	0.1826	0.4955	68.27	-21.98	11.63	10535.11	12704.08	9891.39	6283	0.028	0.0279	507.67	190.27	193.01	523.4				39.2731	80	73.7	86.2	92	72.9	76.5	85.3	88	65.7	0	74.9	70.5	73.1	76.1	94	64.2	2.1	4.4			
66	2019-03-21T09:53:51	0.3111	0.3803	0.1793	0.4931	68.04	-23.47	9.74	9407.68	11501	9333.75	0.3178	0.3833	0.3833	0.1825	0.4954	68.27	-22.01	11.57	10410.82	12558.63	9791.25	6293	0.028	0.0279	507.67	187.99	192.85	523				38.823	80	73.7	86.1	92	72.8	76.5	85.3	88	65.6	0	74.8	70.4	73.1	76	94	64.1	2.1	4.4			
67	2019-03-21T09:54:21	0.311	0.3803	0.1792	0.4931	68.04	-23.5	9.73	9467.28	11577.43	9397.97	0.3177	0.3834	0.3834	0.1825	0.4954	68.27	-22.05	11.56	10477.14	12642.34	9858.48	6295	0.028	0.028	509.47	189.32	192.46	522.8				39.0604	80	73.6	86.1	92	72.8	76.4	85.3	88	65.6	0	74.7	70.4	73	76	94	64	2.1	4.4			
68	2019-03-21T09:54:51	0.3109	0.3803	0.1792	0.4931	68.04	-23.52	9.72	9512.45	11634.28	9447.09	0.3176	0.3833	0.3833	0.1824	0.4954	68.27	-22.06	11.55	10527.35	12704.55	9909.98	6298	0.028	0.028	509.47	190.34	192.54	522.7				39.2493	79.9	73.6	86.1	92	72.8	76.4	85.2	88	65.5	0	74.7	70.3	73	76	94	64	2.1	4.4			
69	2019-03-21T09:55:21	0.311	0.3804	0.1792	0.4931	68.05	-23.54	9.75	9594.21	11736.63	9523.45	0.3177	0.3834	0.3834	0.1824	0.4954	68.27	-22.08	11.58	10617.92	12815.98	9989.33	6295	0.028	0.028	507.67	191.89	192.47	522.8				39.5849	79.9	73.5	86.1	92	72.7	76.3	85.2	87.9	65.5	0	74.7	70.3	73	75.9	94	63.9	2.1	4.4			
70	2019-03-21T09:55:51	0.3109	0.3804	0.1791	0.4931	68.05	-23.57	9.75	9536.72	11669.15	9469.49	0.3176	0.3835	0.3835	0.1824	0.4954	68.28	-22.11	11.58	10554.59	12742.6	9932.87	6298	0.028	0.028	509.47	190.96	192.48	522.8				39.3419	79.9	73.5	86	92	72.7	76.3	85.2	87.9	65.5	0	74.6	70.2	72.9	75.9	94	63.9	2.1	4.4			
71	2019-03-21T09:56:21	0.3108	0.3804	0.1791	0.4931	68.05	-23.59	9.74	9580.25	11724.23	9516.46	0.3176	0.3835	0.3835	0.1823	0.4954	68.27	-22.13	11.57	10602.98	12802.88	9981.91	6302	0.028	0.0281	509.47	191.87	192.29	522.7				39.5162	79.9	73.5	86	92	72.6	76.3	85.2	87.9	65.4	0	74.6	70.2	72.9	75.9	93.9	63.9	2.1	4.4			
72	2019-03-21T09:56:51	0.3108	0.3803	0.1791	0.4931	68.05	-23.59	9.71	9531.91	11665.19	9473.96	0.3175	0.3834	0.3834	0.1823	0.4954	68.27	-22.13	11.54	10549.39	12738.84	9937.31	6303	0.028	0.0281	507.67	190.84	192.39	522.5				39.3205	79.9	73.5	86	91.9	72.7	76.3	85.2	87.9	65.5	0	74.6	70.2	72.9	75.9	93.9	63.9	2.1	4.4			
73	2019-03-21T09:57:21	0.3106	0.3801	0.179	0.4929	68.03	-23.6	9.62	9498.51	11626.7	9460.53	0.3173	0.3832	0.3832	0.1822	0.4953	68.26	-22.16	11.46	10512.84	12698	9923.87	6312	0.028	0.0281	509.47	190.41	192.07	522.1				39.212	79.9	73.5	86	91.9	72.6	76.3	85.2	87.9	65.4	0	74.6	70.2	73	75.9	93.9	63.9	2.1	4.4			
74	2019-03-21T09:57:51	0.3105	0.3802	0.1789	0.4929	68.03	-23.63	9.62	9510.69	11643.8	9474.71	0.3172	0.3832	0.3832	0.1822	0.4953	68.26	-22.18	11.46	10526.63	12716.71	9938.73	6315	0.029	0.0281	507.67	190.73	192.23	522				39.2678	79.8	73.4	86	91.9	72.6	76.3	85.2	87.9	65.4	0	74.6	70.1	72.9	75.8	93.9	63.8	2.1	4.4			
75	2019-03-21T09:58:21	0.3103	0.38	0.1789	0.4928	68.02	-23.64	9.55	9532.76	11672.96	9513.87	0.317	0.3831	0.3831	0.1821	0.4952	68.25	-22.2	11.38	10551.44	12749.5	9980.53	6322	0.029	0.0281	507.67	191.45	191.9	521.6				39.3725	79.8	73.4	86	91.9	72.6	76.3	85.2	87.9	65.4	0	74.6	70.1	72.9	75.8	93.9	63.8	2.1	4.4			
76	2019-03-21T09:58:51	0.3103	0.38	0.1789	0.4928	68.02	-23.66	9.55	9544.72	11689.17	9526.09	0.317	0.3831	0.3831	0.1821	0.4952	68.25	-22.21	11.39	10564.75	12767.29	9993.08	6325	0.029	0.0281	509.47	191.54	192.02	521.6				39.4087	79.8	73.4	86	91.9	72.6	76.3	85.2	87.9	65.4	0	74.5	70.1	72.9	75.8	93.9	63.8	2.1	4.4			
77	2019-03-21T09:59:21	0.3104	0.3802	0.1789	0.4929	68.03	-23.66	9.62	9563.26	11711.6	9531.11	0.3172	0.3833	0.3833	0.1822	0.4953	68.26	-22.21	11.46	10585.07	12791.08	9997.57	6317	0.029	0.0281	509.47	191.9	191.99	521.9				39.4776	79.8	73.4	86	91.9	72.5	76.2	85.2	87.9	65.3	0	74.6	70.1	72.9	75.8	93.9	63.8	2.1	4.4			
78	2019-03-21T09:59:51	0.3102	0.38	0.1788	0.4928	68.02	-23.68	9.53	9483.5	11616.08	9471.41	0.3169	0.3831	0.3831	0.1821	0.4951	68.25	-22.23	11.37	10497.29	12687.86	9935.75	6326	0.029	0.0282	507.67	190.46	191.88	521.5				39.1606	79.8	73.3	86	91.9	72.5	76.2	85.1	87.9	65.3	0	74.5	70	72.9	75.7	93.9	63.7	2.1	4.4			
79	2019-03-21T10:00:21	0.3103	0.38	0.1788	0.4929	68.02	-23.67	9.56	9466.28	11594.69	9447.39	0.317	0.3832	0.3832	0.1821	0.4952	68.25	-22.23	11.4	10478.08	12664.12	9910.02	6326	0.029	0.0282	509.47	190.06	191.98	521.6				39.0853	79.8	73.3	86	91.9	72.5	76.2	85.1	87.9	65.3	0	74.5	70.1	72.9	75.8	93.9	63.7	2.1	4.4			
80	2019-03-21T10:00:51	0.3102	0.38	0.1788	0.4928	68.02	-23.66	9.53	9414.44	11530.02	9400.63	0.317	0.3831	0.3831	0.1821	0.4951	68.25	-22.22	11.37	10420.68	12593.81	9861.44	6326	0.029	0.0281	509.47	189	191.93	521.5				38.8751	79.8	73.4	86	91.9	72.5	76.2	85.2	87.9	65.3	0	74.6	70.1	72.9	75.8	93.9	63.8	2.1	4.4			
81	2019-03-21T10:01:21	0.3101	0.3799	0.1788	0.4928	68.02	-23.69	9.51	9396.33	11510.47	9389.36	0.3169	0.383	0.383	0.182	0.4951	68.24	-22.24	11.35	10400.84	12572.72	9849.55	6330	0.029	0.0282	507.67	188.54	191.94	521.4				38.8026	79.8	73.3	86	91.9	72.5	76.2	85.1	87.9	65.3	0	74.5	70	72.9	75.7	93.9	63.7	2.1	4.4			
82	2019-03-21T10:01:51	0.3101	0.3799	0.1788	0.4928	68.01	-23.7	9.49	9519.21	11662.14	9516.92	0.3168	0.383	0.383	0.182	0.4951	68.24	-22.26	11.34	10536.86	12738.84	9983.06	6335	0.029	0.0282	509.47	191.22	191.91	521.2				39.2935	79.8	73.3	86	91.9	72.5	76.2	85.1	87.9	65.4	0	74.5	70.1	72.9	75.7	93.9	63.7	2.1	4.4			
83	2019-03-21T10:02:21	0.31	0.3797	0.1787	0.4927	68	-23.69	9.43	9557.67	11708.52	9567.1	0.3167	0.3829	0.3829	0.182	0.495	68.23	-22.25	11.27	10579.6	12790.24	10036.62	6337	0.029	0.0282	507.67	192.05	191.78	521				39.4904	79.8	73.3	86	91.9	72.5	76.2	85.2	87.9	65.3	0	74.6	70	72.9	75.8	93.9	63.7	2.1	4.4			
84	2019-03-21T10:02:51	0.3099	0.3796	0.1787	0.4926	67.99	-23.68	9.38	9673.62	11849.86	9693.98	0.3166	0.3827	0.3827	0.182	0.4949	68.22	-22.25	11.22	10708.11	12945.18	10170.43	6342	0.029	0.0281	509.47	194.39	191.74	520.7				39.9804	79.8	73.3	86	91.9	72.5	76.2	85.2	87.9	65.3	0	74.6	70.1	72.9	75.8	93.9	63.7	2.1	4.4			
85	2019-03-21T10:03:21	0.3098	0.3796	0.1787	0.4926	67.99	-23.7	9.36	9668.69	11846.16	9694.32	0.3165	0.3827	0.3827	0.1819	0.4949	68.22	-22.27	11.21	10702.78	12941.45	10170.47	6344	0.029	0.0282	509.47	194.44	191.69	520.6				39.9651	79.8	73.3	86	91.9	72.5	76.2	85.2	87.9	65.3	0	74.6	70	72.9	75.7	93.9	63.7	2.1	4.4			
86	2019-03-21T10:03:51	0.3097	0.3795	0.1787	0.4925	67.98	-23.69	9.32	9657.25	11831.93	9690.7	0.3164	0.3826	0.3826	0.1819	0.4949	68.21	-22.26	11.16	10690.46	12926.08	10167.61	6347	0.029	0.0282	509.47	194.1	191.76	520.4				39.9039	79.8	73.3	86	91.8	72.5	76.2	85.1	87.9	65.3	0	74.5	70	72.9	75.7	93.9	63.7	2.1	4.4			
87	2019-03-21T10:04:21	0.3096	0.3794	0.1786	0.4925	67.97	-23.7	9.27	9579.05	11736.71	9622.96	0.3163	0.3825	0.3825	0.1819	0.4948	68.2	-22.28	11.12	10603.94	12823.07	10096.74	6351	0.029	0.0282	507.67	192.92	191.65	520.2				39.5983	79.8	73.3	86	91.8	72.5	76.2	85.2	87.9	65.3	0	74.6	70	73	75.7	93.9	63.7	2.1	4.4			
88	2019-03-21T10:04:51	0.3095	0.3793	0.1786	0.4924	67.97	-23.71	9.24	9442.35	11570.85	9494.05	0.3162	0.3824	0.3824	0.1818	0.4948	68.2	-22.29	11.09	10452.71	12642.33	9961.25	6356	0.029	0.0282	507.67	190.09	191.49	520				39.0401	79.8	73.3	86	91.8	72.5	76.2	85.2	87.9	65.3	0	74.6	70	72.9	75.7	93.9	63.7	2.1	4.4			
89	2019-03-21T10:05:21	0.3095	0.3793	0.1786	0.4924	67.97	-23.7	9.23	9457.88	11588.89	9509.97	0.3162	0.3824	0.3824	0.1818	0.4947	68.2	-22.28	11.08	10469.94	12661.92	9978.49	6356	0.029	0.0282	507.67	190.28	191.54	520				39.0997	79.8	73.3	86	91.8	72.5	76.2	85.2	87.9	65.3	0	74.6	70	72.9	75.7	93.9	63.7	2.1	4.4			
90	2019-03-21T10:05:51	0.3095	0.3792	0.1786	0.4924	67.96	-23.71	9.21	9449.01	11579.24	9506.05	0.3161	0.3824	0.3824	0.1818	0.4947	68.2	-22.3	11.06	10460.24	12651.69	9974.52	6360	0.029	0.0282	507.67	190.37	191.45	519.9				39.0671	79.8	73.3	86	91.8	72.5	76.2	85.1	87.9	65.3	0	74.6	70	72.9	75.7	93.9	63.7	2.1	4.4			
91	2019-03-21T10:06:21	0.3094	0.3792	0.1786	0.4924	67.96	-23.72	9.2	9488.83	11628.36	9549.47	0.3161	0.3824	0.3824	0.1818	0.4947	68.19	-22.3	11.05	10504.32	12705.68	10019.91	6360	0.029	0.0282	509.47	191.17	191.46	519.8				39.224	79.8	73.3	86	91.8	72.5	76.2	85.2	87.9	65.3	0	74.6	70	73	75.7	93.8	63.7	2.1	4.4			
92	2019-03-21T10:06:51	0.3094	0.3792	0.1785	0.4923	67.96	-23.74	9.19	9505.03	11650.32	9568.62	0.3161	0.3824	0.3824	0.1817	0.4947	68.19	-22.32	11.04	10522.49	12729.75	10040.13	6364	0.029	0.0282	507.67	191.38	191.56	519.8				39.3065	79.8	73.3	86	91.8	72.4	76.2	85.1	87.9	65.3	0	74.5	70	72.9	75.7	93.9	63.7	2.1	4.4			
93	2019-03-21T10:07:21	0.3093	0.3791	0.1785	0.4923	67.95	-23.73	9.16	9600.55	11766.89	9671.62	0.316	0.3823	0.3823	0.1817	0.4947	68.19	-22.31	11.01	10628.39	12857.47	10148.85	6368	0.029	0.0282	509.47	193.48	191.62	519.6				39.7155	79.8	73.3	86	91.8	72.5	76.2	85.1	87.9	65.3	0	74.5	70	72.9	75.7	93.9	63.7	2.1	4.4			
94	2019-03-21T10:07:52	0.3092	0.379	0.1785	0.4923	67.95	-23.74	9.13	9653.32	11832.48	9731.99	0.3159	0.3822	0.3822	0.1817	0.4946	68.18	-22.33	10.98	10686.88	12929.56	10212.24	6370	0.029	0.0282	509.47	194.46	191.43	519.5				39.9344	79.8	73.3	86	91.8	72.4	76.2	85.1	87.9	65.3	0	74.5	70	72.9	75.7	93.9	63.7	2.1	4.4			
95	2019-03-21T10:08:22	0.3092	0.379	0.1785	0.4922	67.95	-23.73	9.12	9705.69	11895.87	9785.3	0.3159	0.3822	0.3822	0.1817	0.4946	68.18	-22.32	10.97	10744.78	12998.84	10268.32	6370	0.029	0.0282	507.67	195.5	191.44	519.5				40.146	79.8	73.3	86	91.8	72.5	76.2	85.1	87.9	65.3	0	74.5	70	73	75.7	93.9	63.7	2.1	4.4			
96	2019-03-21T10:08:52	0.3092	0.379	0.1785	0.4923	67.95	-23.73	9.13	9669.37	11851.84	9747.71	0.3159	0.3822	0.3822	0.1817	0.4946	68.18	-22.32	10.98	10704.71	12950.63	10229.05	6368	0.029	0.0282	509.47	194.94	191.44	519.5				39.9914	79.7	73.3	86	91.8	72.4	76.2	85.1	87.9	65.3	0	74.5	70	72.9	75.7	93.8	63.7	2.1	4.4			
97	2019-03-21T10:09:22	0.3092	0.379	0.1785	0.4922	67.95	-23.73	9.12	9619.3	11789.74	9699.22	0.3159	0.3822	0.3822	0.1817	0.4946	68.18	-22.32	10.97	10649.1	12883.06	10177.92	6371	0.029	0.0282	509.47	193.79	191.67	519.4				39.7845	79.8	73.3	86	91.8	72.5	76.2	85.1	87.9	65.3	0	74.6	70	73	75.7	93.9	63.7	2.1	4.4			
98	2019-03-21T10:09:52	0.3091	0.3789	0.1785	0.4922	67.94	-23.74	9.09	9519.49	11668.51	9606.1	0.3158	0.3821	0.3821	0.1817	0.4946	68.18	-22.33	10.93	10538.8	12751.02	10080.66	6374	0.029	0.0282	507.67	191.96	191.59	519.3				39.3822	79.8	73.3	86	91.8	72.5	76.2	85.1	87.9	65.3	0	74.6	70	73	75.7	93.9	63.7	2.1	4.4			
99	2019-03-21T10:10:22	0.309	0.3791	0.1784	0.4922	67.95	-23.81	9.11	9454.02	11595.75	9540.9	0.3158	0.3823	0.3823	0.1816	0.4946	68.19	-22.4	10.97	10466.84	12671.44	10010.86	6376	0.029	0.0283	509.47	190.81	191.16	519.3				39.0627	79.7	73.2	85.9	91.8	72.3	76.1	85.1	87.8	65.2	0	74.5	69.8	72.8	75.6	93.8	63.6	2.1	4.5			
100	2019-03-21T10:10:52	0.309	0.3788	0.1784	0.4921	67.93	-23.75	9.03	9427.85	11557.77	9525.33	0.3157	0.382	0.382	0.1816	0.4945	68.17	-22.35	10.89	10437.47	12630.73	9995.88	6379	0.029	0.0282	507.67	190.13	191.4	519				39.0058	79.8	73.3	86	91.8	72.4	76.2	85.1	87.9	65.4	0	74.6	70	73	75.7	93.8	63.7	2.1	4.5			
101	2019-03-21T10:11:22	0.3089	0.3787	0.1784	0.4921	67.93	-23.74	9	9544.32	11700.01	9649.01	0.3156	0.3819	0.3819	0.1816	0.4944	68.16	-22.34	10.85	10566.65	12786.38	10126.8	6381	0.029	0.0282	509.47	192.54	191.51	518.9				39.4972	79.8	73.3	86	91.8	72.5	76.2	85.1	87.9	65.3	0	74.6	70	73	75.7	93.8	63.7	2.1	4.5			
102	2019-03-21T10:11:52	0.3089	0.3787	0.1784	0.4921	67.93	-23.75	9.01	9600.97	11770.61	9706.63	0.3156	0.3819	0.3819	0.1816	0.4945	68.16	-22.35	10.86	10629.35	12863.6	10186.52	6382	0.029	0.0282	507.67	193.59	191.58	518.9				39.7304	79.7	73.3	86	91.8	72.4	76.2	85.1	87.9	65.3	0	74.5	69.9	73	75.7	93.8	63.7	2.1	4.5			
103	2019-03-21T10:12:22	0.3089	0.3788	0.1784	0.4921	67.93	-23.75	9.01	9669.65	11854.69	9775.17	0.3156	0.382	0.382	0.1816	0.4945	68.16	-22.35	10.86	10705.29	12955.71	10258.5	6381	0.029	0.0282	507.67	195.07	191.34	518.9				40.0063	79.8	73.3	86	91.8	72.4	76.2	85.2	87.9	65.3	0	74.6	70	73	75.7	93.8	63.7	2.1	4.5			
104	2019-03-21T10:12:52	0.3089	0.3788	0.1784	0.4921	67.93	-23.78	9.01	9635.94	11815.83	9743.03	0.3156	0.382	0.382	0.1816	0.4945	68.17	-22.37	10.86	10668.29	12913.06	10224.99	6385	0.029	0.0282	507.67	194.36	191.59	518.9				39.8615	79.7	73.2	85.9	91.8	72.4	76.2	85.1	87.9	65.4	0	74.5	69.9	72.9	75.7	93.8	63.7	2.1	4.5			
105	2019-03-21T10:13:22	0.3089	0.3788	0.1784	0.4921	67.93	-23.75	9.01	9627.67	11803.4	9732.83	0.3156	0.382	0.382	0.1816	0.4945	68.16	-22.35	10.86	10658.8	12899.55	10214.13	6381	0.029	0.0282	507.67	194.29	191.36	518.9				39.8378	79.8	73.3	86	91.8	72.4	76.2	85.1	87.9	65.4	0	74.6	70	73	75.7	93.8	63.7	2.1	4.5			
106	2019-03-21T10:13:52	0.3088	0.3787	0.1783	0.492	67.92	-23.77	8.97	9586.28	11754.41	9701.23	0.3155	0.3819	0.3819	0.1815	0.4944	68.16	-22.37	10.82	10613.22	12846.52	10181.1	6391	0.029	0.0282	509.47	193.51	191.49	518.7				39.6708	79.8	73.3	86	91.8	72.5	76.2	85.1	87.9	65.4	0	74.5	70	73	75.7	93.9	63.7	2.1	4.5			
107	2019-03-21T10:14:22	0.3089	0.3786	0.1784	0.492	67.92	-23.74	8.96	9435.43	11566.73	9548.03	0.3155	0.3818	0.3818	0.1816	0.4944	68.15	-22.35	10.81	10446.06	12641.47	10020.79	6387	0.029	0.0282	507.67	190.4	191.51	518.7				39.0383	79.8	73.3	86	91.8	72.5	76.2	85.2	87.9	65.4	0	74.6	70	73	75.7	93.9	63.7	2.1	4.5			
108	2019-03-21T10:14:52	0.309	0.3787	0.1784	0.4921	67.93	-23.74	9.01	9387.37	11507.4	9488.96	0.3156	0.3819	0.3819	0.1816	0.4944	68.16	-22.34	10.86	10392.76	12575.8	9958.69	6380	0.029	0.0282	509.47	189.38	191.72	518.9				38.8352	79.8	73.3	86	91.8	72.5	76.2	85.1	87.9	65.4	0	74.6	70	73	75.7	93.9	63.7	2.1	4.5			
109	2019-03-21T10:15:22	0.3089	0.3786	0.1784	0.492	67.92	-23.74	8.97	9338.48	11447.56	9448.3	0.3155	0.3818	0.3818	0.1816	0.4944	68.16	-22.34	10.82	10338.6	12510.98	9916.11	6387	0.029	0.0282	507.67	188.47	191.59	518.7				38.6459	79.8	73.3	86	91.9	72.5	76.2	85.1	87.9	65.5	0	74.6	70	73	75.7	93.9	63.8	2.1	4.5			
110	2019-03-21T10:15:52	0.3088	0.3787	0.1783	0.492	67.92	-23.77	8.96	9377.41	11498.56	9490.98	0.3155	0.3819	0.3819	0.1815	0.4944	68.16	-22.38	10.82	10382	12566.99	9960.83	6391	0.029	0.0282	509.47	189.37	191.5	518.7				38.8073	79.8	73.3	86	91.9	72.5	76.2	85.1	87.9	65.5	0	74.5	70	73	75.7	93.9	63.8	2.1	4.5			
111	2019-03-21T10:16:22	0.3086	0.3784	0.1783	0.4919	67.9	-23.79	8.86	9484.33	11631.87	9621.98	0.3152	0.3817	0.3817	0.1814	0.4943	68.14	-22.4	10.72	10500.66	12714.03	10098.63	6400	0.029	0.0282	507.67	191.54	191.42	518.2				39.2536	79.8	73.3	86	91.8	72.5	76.2	85.1	87.9	65.4	0	74.5	70	73	75.7	93.8	63.7	2.1	4.5			
112	2019-03-21T10:16:52	0.3085	0.3784	0.1782	0.4919	67.91	-23.8	8.87	9461.7	11605.28	9599.4	0.3152	0.3817	0.3817	0.1814	0.4943	68.14	-22.41	10.72	10475.75	12685.04	10075.04	6400	0.029	0.0283	509.47	191.28	191.42	518.2				39.1593	79.8	73.3	86	91.8	72.4	76.2	85.1	87.9	65.4	0	74.5	69.9	73	75.7	93.8	63.7	2.1	4.5			
113	2019-03-21T10:17:22	0.3084	0.3783	0.1782	0.4918	67.9	-23.82	8.81	9376.32	11502.66	9525.96	0.315	0.3816	0.3816	0.1814	0.4942	68.14	-22.43	10.67	10381.59	12573.65	9998.5	6405	0.029	0.0283	507.67	189.75	191.09	517.9				38.815	79.7	73.2	85.9	91.8	72.4	76.2	85.1	87.9	65.4	0	74.5	69.9	73	75.6	93.8	63.7	2.1	4.5			
114	2019-03-21T10:17:52	0.3082	0.3782	0.1781	0.4917	67.89	-23.83	8.76	9336.2	11454.7	9497.64	0.3149	0.3814	0.3814	0.1813	0.4941	68.13	-22.45	10.61	10337.31	12522.01	9969.14	6411	0.029	0.0283	507.67	189	191.24	517.7				38.6695	79.7	73.2	85.9	91.8	72.4	76.2	85.1	87.9	65.4	0	74.5	69.9	73	75.6	93.8	63.7	2.1	4.5			
115	2019-03-21T10:18:23	0.3082	0.3782	0.1781	0.4917	67.88	-23.85	8.73	9259.53	11362.93	9426.22	0.3148	0.3814	0.3814	0.1812	0.4941	68.12	-22.47	10.59	10252.7	12422.07	9894.33	6415	0.029	0.0283	507.67	187.46	191.23	517.6				38.3561	79.7	73.2	85.9	91.8	72.4	76.2	85.1	87.9	65.4	0	74.5	69.9	73	75.6	93.8	63.6	2.1	4.5			
116	2019-03-21T10:18:52	0.308	0.378	0.178	0.4916	67.88	-23.86	8.69	9186.54	11274.62	9362.19	0.3147	0.3813	0.3813	0.1812	0.494	68.12	-22.48	10.55	10172.17	12326.05	9827.57	6420	0.029	0.0283	507.67	186.25	190.98	517.4				38.0604	79.7	73.2	85.9	91.8	72.4	76.2	85.1	87.9	65.3	0	74.5	69.8	73	75.6	93.8	63.6	2.1	4.5			
117	2019-03-21T10:19:22	0.3079	0.3779	0.178	0.4916	67.87	-23.87	8.62	8986.79	11031.3	9172.97	0.3145	0.3812	0.3812	0.1811	0.494	68.11	-22.51	10.48	9951.27	12060.96	9629.59	6429	0.029	0.0283	509.47	182.07	191.1	517.1				37.2486	79.7	73.2	85.9	91.8	72.4	76.2	85.1	87.9	65.4	0	74.5	69.9	73	75.6	93.8	63.6	2.1	4.5			
118	2019-03-21T10:19:52	0.3077	0.3777	0.1779	0.4914	67.85	-23.87	8.53	9034.32	11089.82	9240.52	0.3143	0.3809	0.3809	0.1811	0.4938	68.09	-22.51	10.39	10004.1	12126.01	9701.11	6438	0.029	0.0283	507.67	183.43	191.05	516.7				37.4546	79.7	73.2	85.9	91.8	72.4	76.2	85.1	87.9	65.4	0	74.5	69.8	73	75.6	93.8	63.7	2.1	4.5			
119	2019-03-21T10:20:24	0.3074	0.3775	0.1778	0.4913	67.84	-23.9	8.46	9191.08	11285.74	9418.63	0.3141	0.3808	0.3808	0.181	0.4937	68.08	-22.55	10.32	10178.23	12341.25	9888.69	6447	0.029	0.0284	507.67	186.83	190.73	516.4				38.1132	79.7	73.1	85.9	91.7	72.3	76.1	85.1	87.9	65.3	0	74.5	69.8	73	75.6	93.8	63.6	2.1	4.5			
120	2019-03-21T10:20:52	0.3073	0.3773	0.1778	0.4912	67.82	-23.9	8.39	9044.21	11105.94	9282.79	0.3139	0.3806	0.3806	0.1809	0.4936	68.07	-22.55	10.25	10015.8	12145.51	9746.91	6454	0.029	0.0283	507.67	183.9	190.65	516.1				37.5148	79.7	73.2	85.9	91.7	72.4	76.2	85.1	87.9	65.4	0	74.5	69.8	73.1	75.6	93.8	63.6	2.1	4.5			
121	2019-03-21T10:21:22	0.3072	0.3773	0.1777	0.4912	67.82	-23.94	8.37	9149.92	11239.45	9397.78	0.3138	0.3806	0.3806	0.1809	0.4936	68.07	-22.59	10.23	10133.3	12291.88	9867.7	6459	0.029	0.0284	507.67	186.13	190.69	516				37.953	79.7	73.1	85.9	91.7	72.3	76.1	85.1	87.9	65.3	0	74.5	69.8	73	75.5	93.8	63.5	2.1	4.5			
122	2019-03-21T10:21:53	0.3071	0.3772	0.1777	0.4911	67.81	-23.94	8.32	9106.39	11185.64	9362.1	0.3137	0.3805	0.3805	0.1808	0.4936	68.06	-22.59	10.19	10085.05	12233.57	9830.46	6464	0.029	0.0284	507.67	185.41	190.68	515.8				37.7844	79.7	73.1	85.9	91.7	72.3	76.1	85.1	87.9	65.4	0	74.5	69.8	73.1	75.5	93.8	63.6	2.1	4.5			
123	2019-03-21T10:22:23	0.307	0.3772	0.1776	0.4911	67.82	-23.97	8.32	9069.61	11144.05	9328.46	0.3136	0.3806	0.3806	0.1808	0.4936	68.06	-22.63	10.19	10044.62	12188.35	9795.05	6464	0.029	0.0284	509.47	184.65	190.49	515.7				37.6272	79.7	73.1	85.9	91.7	72.3	76.1	85.1	87.9	65.3	0	74.5	69.7	73.1	75.5	93.8	63.5	2.1	4.6			
124	2019-03-21T10:22:53	0.3069	0.3771	0.1776	0.4911	67.8	-23.96	8.26	9052.05	11121.62	9320.42	0.3135	0.3804	0.3804	0.1808	0.4935	68.05	-22.62	10.13	10025.19	12164.44	9786.85	6470	0.029	0.0284	507.67	184.42	190.6	515.5				37.574	79.7	73.1	85.9	91.7	72.3	76.1	85.1	87.9	65.3	0	74.5	69.7	73.1	75.5	93.8	63.6	2.1	4.5			
125	2019-03-21T10:23:23	0.3068	0.377	0.1776	0.491	67.8	-23.96	8.22	9060.59	11132.69	9337.86	0.3134	0.3803	0.3803	0.1807	0.4934	68.04	-22.63	10.09	10034.83	12177.16	9805.88	6475	0.029	0.0284	509.47	184.62	190.39	515.4				37.6169	79.7	73.1	85.9	91.7	72.3	76.1	85.1	87.9	65.4	0	74.5	69.8	73.1	75.5	93.8	63.6	2.1	4.6			
126	2019-03-21T10:23:53	0.3066	0.3768	0.1775	0.4909	67.79	-23.99	8.15	9107.59	11193.66	9403.1	0.3132	0.3802	0.3802	0.1806	0.4933	68.03	-22.66	10.03	10087.28	12244.83	9874.64	6484	0.029	0.0284	507.67	186.07	190.26	515.1				37.8146	79.7	73.1	85.9	91.7	72.3	76.1	85.1	87.9	65.3	0	74.5	69.7	73.1	75.5	93.7	63.5	2.1	4.6			
127	2019-03-21T10:24:23	0.3065	0.3767	0.1775	0.4908	67.78	-24.01	8.11	9248.89	11368.84	9559.97	0.3131	0.3801	0.3801	0.1806	0.4933	68.03	-22.68	9.98	10243.98	12437.07	10039.55	6489	0.029	0.0285	507.67	188.79	190.4	514.9				38.4136	79.6	73.1	85.9	91.7	72.2	76.1	85.1	87.9	65.3	0	74.5	69.7	73.1	75.5	93.7	63.5	2.1	4.6			
128	2019-03-21T10:24:53	0.3065	0.3767	0.1775	0.4908	67.78	-24.01	8.1	9266.62	11391.2	9579.41	0.3131	0.3801	0.3801	0.1806	0.4933	68.03	-22.69	9.98	10263.51	12461.73	10059.29	6489	0.029	0.0285	507.67	189.03	190.58	514.9				38.471	79.6	73.1	85.9	91.6	72.2	76.1	85.1	87.9	65.3	0	74.5	69.7	73.1	75.5	93.7	63.5	2.1	4.6			
129	2019-03-21T10:25:23	0.3065	0.3768	0.1775	0.4908	67.78	-24.02	8.11	9205.64	11316.78	9515.23	0.3131	0.3801	0.3801	0.1806	0.4933	68.03	-22.69	9.99	10196.09	12380.34	9992.52	6489	0.029	0.0285	509.47	188.11	190.29	514.9				38.2232	79.7	73.1	85.9	91.7	72.3	76.1	85.1	87.9	65.4	0	74.5	69.7	73.1	75.5	93.7	63.5	2.1	4.6			
130	2019-03-21T10:25:53	0.3064	0.3769	0.1774	0.4909	67.79	-24.08	8.13	9162.88	11270.36	9471.83	0.313	0.3803	0.3803	0.1805	0.4933	68.04	-22.75	10.01	10149.14	12329.74	9946.12	6493	0.029	0.0286	507.67	187.45	189.93	514.9				38.021	79.6	73	85.8	91.6	72.2	76	85	87.9	65.3	0	74.4	69.6	73	75.4	93.7	63.4	2.1	4.6			
131	2019-03-21T10:26:23	0.3062	0.3764	0.1774	0.4907	67.76	-24.03	7.98	9070.51	11152.89	9404.13	0.3127	0.3798	0.3798	0.1804	0.4931	68.01	-22.72	9.86	10046.91	12202.84	9877.1	6505	0.029	0.0285	507.67	185.51	190.35	514.4				37.702	79.7	73.1	85.9	91.6	72.3	76.1	85.1	87.9	65.4	0	74.5	69.7	73.1	75.5	93.7	63.5	2.1	4.6			
132	2019-03-21T10:26:53	0.306	0.3763	0.1773	0.4906	67.75	-24.06	7.92	9001.83	11071.06	9347.43	0.3125	0.3797	0.3797	0.1804	0.493	68	-22.74	9.8	9971.38	12113.93	9818.33	6512	0.029	0.0285	507.67	184.28	190.16	514.2				37.4091	79.6	73	85.8	91.6	72.2	76.1	85.1	87.9	65.3	0	74.4	69.7	73.1	75.4	93.7	63.5	2.1	4.6			
133	2019-03-21T10:27:23	0.3058	0.376	0.1773	0.4904	67.73	-24.04	7.83	9024.16	11096.96	9388.2	0.3124	0.3795	0.3795	0.1803	0.4929	67.98	-22.73	9.7	9996.19	12143.25	9862.03	6520	0.029	0.0285	507.67	184.67	190.08	513.9				37.5162	79.7	73	85.9	91.6	72.2	76.1	85.1	87.9	65.4	0	74.5	69.7	73.2	75.4	93.7	63.5	2.1	4.6			
134	2019-03-21T10:27:53	0.3056	0.376	0.1772	0.4904	67.72	-24.07	7.78	8803.04	10828.51	9171.12	0.3122	0.3794	0.3794	0.1802	0.4928	67.98	-22.77	9.66	9751.55	11850.31	9633.83	6530	0.029	0.0285	507.67	180.4	189.92	513.7				36.5992	79.6	73	85.8	91.6	72.2	76.1	85.1	87.9	65.3	0	74.5	69.7	73.1	75.4	93.7	63.5	2.1	4.6			
135	2019-03-21T10:28:23	0.3055	0.3758	0.1771	0.4903	67.71	-24.07	7.72	8829.29	10861.25	9209.18	0.3121	0.3793	0.3793	0.1802	0.4928	67.97	-22.78	9.6	9780.91	11886.73	9674.49	6534	0.029	0.0285	507.67	180.84	190.08	513.5				36.7194	79.6	73	85.8	91.6	72.2	76.1	85.1	87.9	65.3	0	74.4	69.6	73.1	75.4	93.7	63.5	2.1	4.6			
136	2019-03-21T10:28:53	0.3055	0.3758	0.1771	0.4903	67.71	-24.07	7.71	8755.28	10770.51	9134.1	0.312	0.3792	0.3792	0.1802	0.4927	67.96	-22.78	9.59	9698.98	11787.54	9595.93	6536	0.029	0.0285	507.67	179.56	189.88	513.5				36.4286	79.6	73	85.8	91.6	72.2	76.1	85.1	87.9	65.4	0	74.4	69.6	73.2	75.4	93.7	63.5	2.1	4.6			
137	2019-03-21T10:29:23	0.3053	0.3758	0.177	0.4902	67.71	-24.12	7.69	8658.67	10656.27	9042.79	0.3119	0.3792	0.3792	0.1801	0.4927	67.96	-22.83	9.57	9592.38	11663.28	9499.93	6542	0.029	0.0286	509.47	177.69	189.89	513.3				36.0297	79.6	73	85.8	91.6	72.2	76	85	87.9	65.3	0	74.4	69.6	73.1	75.4	93.7	63.4	2.1	4.6			
138	2019-03-21T10:29:53	0.3052	0.3757	0.177	0.4902	67.7	-24.12	7.64	8652.5	10648.99	9045.45	0.3118	0.3791	0.3791	0.1801	0.4927	67.96	-22.84	9.53	9585.43	11655.92	9502.5	6544	0.029	0.0286	507.67	177.51	189.92	513.2				36.0098	79.6	73	85.8	91.6	72.2	76.1	85.1	87.9	65.3	0	74.5	69.6	73.2	75.4	93.7	63.5	2.1	4.6			
139	2019-03-21T10:30:23	0.3052	0.3756	0.177	0.4901	67.7	-24.13	7.62	8608.95	10596	9004.24	0.3117	0.3791	0.3791	0.18	0.4926	67.95	-22.84	9.51	9537.47	11598.01	9459.89	6550	0.029	0.0286	507.67	176.88	189.75	513.1				35.8405	79.6	73	85.8	91.6	72.2	76.1	85	87.9	65.3	0	74.4	69.6	73.2	75.4	93.7	63.4	2.1	4.6			
140	2019-03-21T10:30:53	0.3051	0.3756	0.177	0.4901	67.69	-24.13	7.61	8633.1	10625.91	9032.69	0.3117	0.379	0.379	0.18	0.4926	67.95	-22.84	9.49	9564.3	11630.95	9489.92	6550	0.029	0.0286	507.67	177.29	189.79	513				35.9315	79.6	72.9	85.8	91.6	72.1	76	85	87.9	65.3	0	74.4	69.6	73.2	75.4	93.7	63.4	2.1	4.6			
141	2019-03-21T10:31:23	0.3051	0.3755	0.177	0.4901	67.69	-24.13	7.58	8657.47	10656.04	9063.77	0.3116	0.379	0.379	0.18	0.4926	67.94	-22.85	9.46	9591.43	11664.24	9523.24	6554	0.029	0.0286	507.67	177.87	189.79	513				36.0484	79.6	73	85.8	91.6	72.2	76.1	85	87.9	65.3	0	74.4	69.6	73.2	75.4	93.7	63.5	2.1	4.6			
142	2019-03-21T10:31:53	0.305	0.3754	0.1769	0.49	67.68	-24.14	7.54	8659.43	10659.22	9074.07	0.3115	0.3789	0.3789	0.18	0.4925	67.94	-22.86	9.42	9593.63	11668.28	9533.92	6558	0.029	0.0286	507.67	177.91	189.89	512.8				36.057	79.6	73	85.8	91.6	72.2	76.1	85	87.9	65.3	0	74.4	69.6	73.2	75.4	93.7	63.5	2.1	4.6			
143	2019-03-21T10:32:23	0.305	0.3756	0.1769	0.4901	67.69	-24.17	7.58	8645.26	10644.29	9052.74	0.3116	0.379	0.379	0.18	0.4926	67.95	-22.88	9.47	9577.94	11651.5	9510.58	6554	0.029	0.0286	507.67	177.47	189.98	512.9				35.9575	79.6	72.9	85.8	91.6	72.1	76	85	87.9	65.3	0	74.4	69.5	73.1	75.3	93.7	63.4	2.1	4.7			
144	2019-03-21T10:32:53	0.3049	0.3754	0.1769	0.49	67.68	-24.16	7.52	8597.28	10585.39	9015.33	0.3114	0.3789	0.3789	0.1799	0.4925	67.94	-22.89	9.41	9525.03	11587.85	9472.08	6561	0.029	0.0286	507.67	176.7	189.87	512.7				35.7973	79.6	72.9	85.8	91.6	72.1	76	85	87.9	65.3	0	74.4	69.5	73.2	75.3	93.7	63.4	2.1	4.6			
145	2019-03-21T10:33:23	0.3048	0.3753	0.1769	0.49	67.68	-24.17	7.5	8536.84	10511.64	8956.5	0.3114	0.3788	0.3788	0.1799	0.4925	67.93	-22.9	9.39	9458.13	11507.49	9410.24	6563	0.029	0.0286	507.67	175.58	189.77	512.7				35.5532	79.6	72.9	85.8	91.5	72.1	76	85	87.9	65.3	0	74.4	69.5	73.2	75.3	93.6	63.4	2.1	4.6			
146	2019-03-21T10:33:53	0.3047	0.3753	0.1768	0.4899	67.67	-24.17	7.46	8537.06	10512.48	8964.96	0.3113	0.3787	0.3787	0.1799	0.4924	67.93	-22.9	9.35	9458.46	11508.88	9419.35	6570	0.029	0.0286	507.67	175.69	189.64	512.5				35.5555	79.6	72.9	85.8	91.6	72.1	76	85	87.9	65.3	0	74.4	69.5	73.2	75.3	93.7	63.4	2.1	4.6			
147	2019-03-21T10:34:23	0.3046	0.3751	0.1768	0.4898	67.66	-24.19	7.39	8492.02	10459.1	8931.62	0.3111	0.3786	0.3786	0.1798	0.4923	67.92	-22.93	9.29	9408.89	11451.21	9384.8	6578	0.029	0.0286	507.67	174.8	189.56	512.3				35.3751	79.6	72.9	85.8	91.5	72.1	76	85	87.9	65.3	0	74.4	69.5	73.2	75.3	93.7	63.4	2.1	4.7			
148	2019-03-21T10:34:53	0.3045	0.3751	0.1767	0.4898	67.66	-24.2	7.38	8489.83	10457.17	8931.78	0.3111	0.3786	0.3786	0.1798	0.4923	67.92	-22.93	9.28	9406.6	11449.26	9385.11	6578	0.029	0.0287	507.67	174.85	189.77	512.3				35.3849	79.6	72.9	85.8	91.5	72.1	76	85	87.9	65.3	0	74.4	69.5	73.2	75.3	93.6	63.4	2.1	4.7			
149	2019-03-21T10:35:23	0.3044	0.375	0.1767	0.4898	67.65	-24.21	7.34	8425.46	10378.49	8872.56	0.311	0.3785	0.3785	0.1797	0.4923	67.91	-22.94	9.24	9335.35	11363.58	9322.96	6582	0.029	0.0287	507.67	173.55	189.54	512.1				35.1157	79.5	72.9	85.8	91.5	72.1	76	85	87.9	65.3	0	74.4	69.5	73.2	75.3	93.6	63.4	2.1	4.7			
150	2019-03-21T10:35:53	0.3043	0.375	0.1767	0.4897	67.65	-24.23	7.32	8368.79	10310.66	8818.45	0.3109	0.3785	0.3785	0.1797	0.4922	67.91	-22.96	9.22	9272.81	11289.65	9266.49	6585	0.029	0.0287	507.67	172.53	189.55	512.1				34.886	79.5	72.9	85.8	91.5	72	76	85	87.9	65.3	0	74.4	69.4	73.2	75.3	93.6	63.3	2.1	4.7			
151	2019-03-21T10:36:24	0.3043	0.375	0.1767	0.4897	67.65	-24.23	7.32	8303.5	10230.83	8751.28	0.3108	0.3785	0.3785	0.1797	0.4922	67.91	-22.97	9.21	9200.5	11202.32	9195.74	6585	0.029	0.0287	507.67	171.14	189.57	512				34.6323	79.5	72.8	85.8	91.5	72	76	85	87.8	65.2	0	74.4	69.4	73.2	75.2	93.6	63.3	2.1	4.7			
152	2019-03-21T10:36:54	0.3043	0.375	0.1766	0.4897	67.65	-24.26	7.32	8295.42	10223.23	8744.53	0.3108	0.3785	0.3785	0.1796	0.4922	67.91	-23	9.22	9191.64	11194.24	9188.21	6591	0.029	0.0287	507.67	171.05	189.37	512				34.5865	79.5	72.8	85.8	91.5	72	76	85	87.9	65.3	0	74.3	69.4	73.1	75.2	93.6	63.3	2.1	4.7			
153	2019-03-21T10:37:24	0.3043	0.3749	0.1766	0.4897	67.64	-24.23	7.3	8334.15	10268.8	8787.11	0.3108	0.3784	0.3784	0.1797	0.4922	67.91	-22.98	9.2	9234.46	11244.17	9233.45	6591	0.029	0.0287	507.67	171.72	189.5	512				34.7537	79.6	72.9	85.8	91.5	72.1	76	85	87.9	65.3	0	74.4	69.4	73.2	75.3	93.6	63.4	2.1	4.7			
154	2019-03-21T10:37:54	0.3041	0.3749	0.1766	0.4897	67.64	-24.28	7.27	8322.39	10258.67	8783.68	0.3107	0.3784	0.3784	0.1796	0.4922	67.9	-23.02	9.17	9221.84	11233.6	9229.78	6598	0.029	0.0287	507.67	171.64	189.59	511.9				34.7038	79.5	72.8	85.7	91.5	72	76	85	87.9	65.3	0	74.3	69.4	73.1	75.2	93.6	63.3	2.1	4.7			
155	2019-03-21T10:38:24	0.3041	0.3749	0.1765	0.4896	67.64	-24.29	7.26	8325.15	10262.63	8789.22	0.3106	0.3784	0.3784	0.1796	0.4922	67.9	-23.03	9.16	9224.99	11237.99	9235.7	6598	0.029	0.0288	507.67	171.71	189.28	511.8				34.723	79.5	72.8	85.7	91.5	72	75.9	85	87.9	65.2	0	74.3	69.4	73.1	75.2	93.6	63.3	2.1	4.7			
156	2019-03-21T10:38:54	0.3039	0.3747	0.1765	0.4895	67.63	-24.3	7.18	8284.9	10214.32	8762.5	0.3104	0.3782	0.3782	0.1795	0.4921	67.89	-23.05	9.08	9180.71	11186.18	9208.33	6606	0.029	0.0288	507.67	171.06	189.34	511.6				34.5816	79.5	72.8	85.7	91.5	72	75.9	85	87.8	65.2	0	74.3	69.4	73.2	75.2	93.6	63.3	2.1	4.7			
157	2019-03-21T10:39:24	0.3039	0.3746	0.1765	0.4895	67.62	-24.3	7.17	8260.84	10184.68	8739.2	0.3104	0.3782	0.3782	0.1795	0.492	67.89	-23.05	9.07	9154.08	11153.77	9183.83	6606	0.029	0.0288	507.67	170.46	189.47	511.5				34.4685	79.5	72.8	85.7	91.5	72	75.9	85	87.8	65.2	0	74.3	69.3	73.2	75.2	93.6	63.3	2.1	4.7			
158	2019-03-21T10:39:54	0.3038	0.3746	0.1764	0.4895	67.62	-24.33	7.15	8152.94	10054.36	8631.87	0.3103	0.3782	0.3782	0.1794	0.492	67.89	-23.08	9.05	9034.76	11011.37	9071.01	6611	0.029	0.0288	507.67	168.44	189.29	511.5				34.0401	79.5	72.7	85.7	91.5	71.9	75.9	84.9	87.8	65.2	0	74.3	69.3	73.1	75.1	93.6	63.2	2.1	4.7			
159	2019-03-21T10:40:24	0.3036	0.3745	0.1763	0.4894	67.61	-24.36	7.08	8071.6	9957.15	8560.82	0.3101	0.3781	0.3781	0.1793	0.4919	67.88	-23.11	8.99	8944.99	10905.76	8996.5	6622	0.029	0.0288	507.67	167.08	189.03	511.2				33.7088	79.4	72.7	85.7	91.5	71.9	75.9	84.9	87.8	65.2	0	74.2	69.2	73.1	75.1	93.6	63.2	2.1	4.7			
160	2019-03-21T10:40:54	0.3034	0.3743	0.1763	0.4893	67.6	-24.38	7.02	8118.97	10017.36	8623.25	0.3099	0.3779	0.3779	0.1793	0.4919	67.87	-23.14	8.93	8997.7	10972.68	9062.48	6627	0.029	0.0288	507.67	168.06	189.05	511				33.9201	79.4	72.7	85.7	91.4	71.9	75.9	84.9	87.8	65.1	0	74.3	69.2	73.2	75.1	93.6	63.2	2.1	4.7			
161	2019-03-21T10:41:24	0.3033	0.3743	0.1762	0.4893	67.6	-24.38	6.99	8128.23	10029.67	8639.19	0.3098	0.3779	0.3779	0.1792	0.4918	67.86	-23.15	8.9	9008.17	10986.27	9079.5	6632	0.029	0.0289	507.67	168.29	188.99	511				33.9561	79.4	72.7	85.7	91.4	71.9	75.9	84.9	87.8	65.1	0	74.2	69.2	73.1	75.1	93.6	63.2	2.1	4.7			
162	2019-03-21T10:41:54	0.3032	0.3743	0.1761	0.4893	67.6	-24.44	6.99	8142.9	10052.89	8660.28	0.3097	0.3779	0.3779	0.1791	0.4918	67.87	-23.21	8.9	9024.79	11012.24	9101.21	6638	0.029	0.0289	507.67	168.64	188.96	510.9				34.0218	79.4	72.6	85.7	91.4	71.8	75.8	84.9	87.8	65.1	0	74.2	69.2	73.1	75	93.6	63.1	2.1	4.7			
163	2019-03-21T10:42:24	0.3031	0.3741	0.1761	0.4892	67.58	-24.41	6.91	8125.79	10029.28	8654.78	0.3096	0.3777	0.3777	0.1791	0.4917	67.85	-23.18	8.82	9005.84	10987.11	9096.42	6643	0.029	0.0289	507.67	168.48	188.77	510.7				33.9752	79.4	72.7	85.7	91.4	71.8	75.8	84.9	87.8	65.1	0	74.2	69.2	73.1	75.1	93.5	63.1	2.1	4.7			
164	2019-03-21T10:42:54	0.303	0.3741	0.1761	0.4891	67.58	-24.45	6.89	8089.05	9987.23	8622.28	0.3095	0.3777	0.3777	0.1791	0.4917	67.85	-23.22	8.8	8965.39	10941.29	9062.04	6651	0.029	0.0289	507.67	167.64	188.98	510.6				33.8223	79.4	72.6	85.7	91.4	71.8	75.8	84.9	87.8	65.1	0	74.2	69.2	73.1	75	93.6	63.1	2.1	4.7			
165	2019-03-21T10:43:24	0.303	0.3741	0.1761	0.4892	67.58	-24.45	6.9	7986.75	9860.92	8510.43	0.3095	0.3777	0.3777	0.1791	0.4917	67.85	-23.22	8.82	8851.94	10802.95	8944.13	6647	0.029	0.0289	507.67	165.47	188.78	510.7				33.3962	79.4	72.6	85.7	91.4	71.8	75.8	84.9	87.8	65.1	0	74.2	69.1	73.1	75	93.5	63.1	2.1	4.7			
166	2019-03-21T10:43:54	0.3028	0.374	0.176	0.4891	67.57	-24.46	6.85	7971.63	9844.1	8506.67	0.3094	0.3776	0.3776	0.179	0.4916	67.84	-23.24	8.76	8835.45	10785.15	8940.71	6653	0.029	0.029	507.67	165.56	188.74	510.5				33.3467	79.4	72.6	85.7	91.4	71.8	75.8	84.9	87.8	65.1	0	74.2	69.1	73.1	75	93.5	63.1	2.1	4.7			
167	2019-03-21T10:44:24	0.3027	0.3738	0.176	0.489	67.56	-24.47	6.79	7985.46	9862.14	8532.41	0.3092	0.3775	0.3775	0.179	0.4916	67.84	-23.25	8.71	8850.97	10805.7	8967.96	6660	0.029	0.029	507.67	165.89	188.45	510.3				33.4107	79.3	72.6	85.7	91.3	71.7	75.8	84.9	87.8	65	0	74.2	69.1	73.1	75	93.5	63	2.1	4.7			
168	2019-03-21T10:44:54	0.3025	0.3737	0.1759	0.4889	67.55	-24.5	6.71	7934.83	9802	8494.49	0.309	0.3773	0.3773	0.1789	0.4915	67.82	-23.28	8.63	8795.3	10740.58	8928.74	6671	0.029	0.029	507.67	164.84	188.58	510.1				33.2048	79.3	72.5	85.6	91.3	71.7	75.8	84.9	87.8	65	0	74.2	69	73.1	74.9	93.5	63	2.1	4.7			
169	2019-03-21T10:45:24	0.3024	0.3737	0.1758	0.4889	67.55	-24.55	6.7	7849.11	9700.58	8409.83	0.3089	0.3773	0.3773	0.1788	0.4914	67.82	-23.33	8.62	8700.66	10629.85	8839.4	6675	0.029	0.029	507.67	163.23	188.37	510				32.8551	79.3	72.5	85.6	91.3	71.6	75.7	84.8	87.7	64.9	0	74.1	68.9	73	74.9	93.5	62.9	2.1	4.7			
170	2019-03-21T10:45:54	0.3022	0.3735	0.1757	0.4888	67.54	-24.57	6.63	7792.74	9633.35	8363.56	0.3087	0.3772	0.3772	0.1787	0.4914	67.82	-23.36	8.55	8638.5	10557.1	8791.17	6685	0.029	0.0291	507.67	162.29	188.06	509.8				32.6389	79.3	72.4	85.6	91.3	71.6	75.7	84.8	87.7	64.9	0	74.1	68.9	73	74.9	93.5	62.9	2.1	4.7			
171	2019-03-21T10:46:24	0.302	0.3734	0.1757	0.4887	67.53	-24.59	6.58	7745.28	9576.53	8322.54	0.3085	0.3771	0.3771	0.1786	0.4913	67.81	-23.39	8.51	8586.13	10495.39	8747.96	6693	0.029	0.0291	507.67	161.49	188	509.7				32.4108	79.3	72.4	85.6	91.3	71.6	75.7	84.8	87.7	64.9	0	74.1	68.9	73	74.9	93.5	62.9	2.1	4.7			
172	2019-03-21T10:46:54	0.3018	0.3733	0.1756	0.4886	67.53	-24.62	6.52	7693.66	9515.59	8280.18	0.3083	0.377	0.377	0.1785	0.4912	67.8	-23.42	8.45	8529.27	10429.31	8704.13	6700	0.029	0.0291	507.67	160.56	187.83	509.5				32.2447	79.2	72.4	85.6	91.3	71.6	75.6	84.8	87.7	64.9	0	74	68.9	73	74.8	93.5	62.8	2.1	4.8			
173	2019-03-21T10:47:24	0.3017	0.3733	0.1755	0.4886	67.52	-24.65	6.5	7669.24	9487.62	8260.39	0.3082	0.377	0.377	0.1785	0.4912	67.8	-23.45	8.43	8502.44	10399	8683.42	6707	0.029	0.0292	507.67	160.12	187.93	509.4				32.1561	79.2	72.4	85.5	91.3	71.6	75.6	84.8	87.7	64.9	0	74	68.8	73	74.8	93.5	62.8	2.1	4.8			
174	2019-03-21T10:47:54	0.3016	0.3732	0.1755	0.4885	67.51	-24.67	6.44	7622.92	9432.11	8221.84	0.3081	0.3769	0.3769	0.1784	0.4911	67.79	-23.47	8.38	8451.31	10338.89	8642.89	6714	0.029	0.0292	507.67	159.17	187.88	509.3				31.9643	79.2	72.3	85.5	91.2	71.5	75.6	84.8	87.7	64.9	0	74	68.8	73	74.8	93.4	62.8	2.1	4.8			
175	2019-03-21T10:48:24	0.3015	0.3732	0.1754	0.4885	67.52	-24.7	6.44	7472.47	9248.8	8062.21	0.308	0.3769	0.3769	0.1784	0.4911	67.79	-23.51	8.38	8284.75	10138.21	8475.02	6716	0.03	0.0292	507.67	156.13	187.79	509.2				31.3436	79.2	72.3	85.5	91.2	71.5	75.6	84.7	87.7	64.8	0	74	68.8	73	74.7	93.4	62.7	2.1	4.8			
176	2019-03-21T10:48:54	0.3013	0.3731	0.1753	0.4884	67.51	-24.74	6.39	7465.96	9243.78	8066.75	0.3078	0.3768	0.3768	0.1783	0.4911	67.79	-23.54	8.33	8277.85	10133.19	8479.96	6723	0.03	0.0293	507.67	156.1	187.71	509.1				31.3256	79.1	72.3	85.5	91.2	71.4	75.5	84.7	87.7	64.8	0	73.9	68.7	72.9	74.7	93.4	62.7	2.1	4.8			
177	2019-03-21T10:49:24	0.3012	0.3729	0.1753	0.4883	67.49	-24.74	6.31	7505	9292.59	8123.28	0.3076	0.3766	0.3766	0.1782	0.491	67.77	-23.55	8.25	8321.36	10187.73	8539.9	6734	0.03	0.0293	507.67	157.33	187.45	508.9				31.509	79.2	72.3	85.5	91.2	71.4	75.6	84.7	87.7	64.8	0	74	68.7	73	74.7	93.4	62.7	2.1	4.8			
178	2019-03-21T10:49:54	0.3009	0.3728	0.1752	0.4883	67.48	-24.78	6.25	7551.15	9353.62	8186.96	0.3074	0.3766	0.3766	0.1781	0.4909	67.77	-23.6	8.2	8372.8	10255.49	8606.51	6743	0.03	0.0293	507.67	158.23	187.38	508.7				31.72	79.1	72.2	85.5	91.2	71.4	75.5	84.7	87.7	64.8	0	73.9	68.7	72.9	74.6	93.4	62.6	2.1	4.8			
179	2019-03-21T10:50:24	0.3007	0.3726	0.1751	0.4881	67.47	-24.8	6.18	7726.11	9572.27	8391.26	0.3072	0.3764	0.3764	0.178	0.4908	67.75	-23.62	8.12	8567.3	10495.89	8822.13	6750	0.03	0.0293	507.67	161.89	187.26	508.5				32.4607	79.1	72.2	85.5	91.1	71.3	75.5	84.7	87.6	64.7	0	73.9	68.6	72.9	74.6	93.4	62.6	2.1	4.8			
180	2019-03-21T10:50:54	0.3007	0.3726	0.1751	0.4881	67.47	-24.82	6.16	7713.28	9557.85	8383.16	0.3071	0.3764	0.3764	0.178	0.4908	67.75	-23.64	8.1	8553.21	10480.48	8813.83	6753	0.03	0.0294	507.67	161.68	187.17	508.4				32.4188	79.1	72.1	85.4	91.1	71.3	75.5	84.7	87.6	64.7	0	73.9	68.6	72.9	74.6	93.4	62.6	2.1	4.8			
181	2019-03-21T10:51:25	0.3006	0.3725	0.175	0.4881	67.47	-24.83	6.14	7706.35	9550.56	8380.12	0.3071	0.3763	0.3763	0.178	0.4907	67.75	-23.66	8.08	8545.65	10472.72	8810.55	6757	0.03	0.0294	507.67	161.79	186.91	508.4				32.3888	79.1	72.1	85.4	91.1	71.3	75.5	84.7	87.6	64.7	0	73.9	68.5	72.9	74.6	93.4	62.5	2.1	4.8			
182	2019-03-21T10:51:55	0.3004	0.3725	0.175	0.488	67.46	-24.87	6.1	7622.59	9450.38	8298.14	0.3069	0.3763	0.3763	0.1779	0.4907	67.75	-23.7	8.05	8453.18	10363.41	8724.38	6766	0.03	0.0294	507.67	160.13	186.9	508.3				32.0506	79	72.1	85.4	91.1	71.2	75.4	84.6	87.6	64.6	0	73.8	68.5	72.9	74.5	93.3	62.5	2.1	4.8			
183	2019-03-21T10:52:25	0.3004	0.3725	0.1749	0.488	67.46	-24.9	6.09	7457.66	9247.95	8122.92	0.3069	0.3763	0.3763	0.1778	0.4907	67.75	-23.73	8.04	8270.48	10141.67	8540.13	6767	0.03	0.0295	507.67	156.68	186.93	508.2				31.3594	79	72	85.4	91.1	71.2	75.4	84.6	87.6	64.6	0	73.8	68.4	72.9	74.5	93.3	62.4	2.1	4.8			
184	2019-03-21T10:52:55	0.3003	0.3724	0.1749	0.488	67.46	-24.91	6.06	7349.5	9114.99	8011.91	0.3068	0.3762	0.3762	0.1778	0.4906	67.74	-23.74	8.01	8150.55	9996.29	8423.12	6774	0.03	0.0295	507.67	154.59	186.73	508.1				30.909	79	72	85.4	91.1	71.2	75.4	84.6	87.6	64.6	0	73.8	68.4	72.8	74.5	93.3	62.5	2.1	4.8			
185	2019-03-21T10:53:25	0.3001	0.3723	0.1748	0.4879	67.45	-24.93	5.99	7265.77	9012.96	7933.25	0.3066	0.3761	0.3761	0.1777	0.4906	67.73	-23.77	7.95	8058.01	9885.12	8341.09	6783	0.03	0.0295	507.67	152.98	186.73	508				30.5712	79	72	85.4	91.1	71.2	75.4	84.6	87.6	64.6	0	73.8	68.4	72.9	74.5	93.3	62.4	2.1	4.8			
186	2019-03-21T10:53:55	0.3	0.3723	0.1748	0.4879	67.45	-24.96	5.99	7227.48	8967.87	7894.15	0.3065	0.3761	0.3761	0.1777	0.4906	67.73	-23.79	7.94	8015.88	9835.82	8300.13	6783	0.03	0.0295	507.67	152.14	186.57	508				30.4142	78.9	72	85.3	91.1	71.1	75.3	84.6	87.6	64.5	0	73.7	68.3	72.8	74.4	93.3	62.4	2.1	4.8			
187	2019-03-21T10:54:25	0.2998	0.3721	0.1747	0.4878	67.44	-24.98	5.93	7250.14	8998.11	7931.24	0.3063	0.376	0.376	0.1776	0.4905	67.72	-23.82	7.88	8041.2	9869.67	8339.29	6792	0.03	0.0296	507.67	152.77	186.51	507.8				30.5255	78.9	71.9	85.3	91.1	71.1	75.3	84.6	87.6	64.6	0	73.7	68.3	72.8	74.4	93.3	62.4	2.1	4.8			
188	2019-03-21T10:54:55	0.2997	0.372	0.1746	0.4877	67.43	-25	5.86	7286.63	9045.19	7984.73	0.3061	0.3758	0.3758	0.1775	0.4904	67.71	-23.85	7.82	8081.9	9922.28	8396.02	6803	0.03	0.0296	507.67	153.85	186.3	507.6				30.6953	79	72	85.3	91.1	71.1	75.3	84.6	87.6	64.6	0	73.7	68.3	72.8	74.4	93.3	62.4	2.1	4.8			
189	2019-03-21T10:55:25	0.2996	0.3718	0.1746	0.4876	67.41	-24.99	5.8	7314.24	9078.7	8023.14	0.306	0.3757	0.3757	0.1775	0.4903	67.7	-23.84	7.77	8112.59	9959.38	8436.65	6808	0.03	0.0296	507.67	154.25	186.5	507.5				30.817	78.9	71.9	85.3	91.1	71.1	75.3	84.6	87.6	64.6	0	73.7	68.3	72.8	74.4	93.3	62.4	2.1	4.8			
190	2019-03-21T10:55:55	0.2995	0.3719	0.1746	0.4876	67.42	-25.02	5.82	7271.65	9027.9	7976.12	0.306	0.3758	0.3758	0.1775	0.4903	67.71	-23.87	7.78	8065.48	9903.7	8386.76	6810	0.03	0.0296	507.67	153.41	186.46	507.5				30.6303	78.9	71.9	85.3	91	71.1	75.3	84.6	87.6	64.5	0	73.7	68.3	72.8	74.4	93.3	62.3	2.1	4.8			
191	2019-03-21T10:56:25	0.2993	0.3717	0.1745	0.4875	67.41	-25.04	5.75	7231.02	8979.61	7945.47	0.3058	0.3756	0.3756	0.1774	0.4902	67.7	-23.89	7.71	8020.72	9851.45	8354.93	6820	0.03	0.0296	507.67	152.72	186.33	507.4				30.4721	78.9	71.9	85.3	91	71.1	75.3	84.5	87.6	64.5	0	73.7	68.3	72.8	74.3	93.3	62.3	2.1	4.8			
192	2019-03-21T10:56:55	0.2993	0.3716	0.1745	0.4875	67.4	-25.03	5.7	7219.53	8964.74	7940.2	0.3057	0.3755	0.3755	0.1774	0.4902	67.69	-23.89	7.67	8007.95	9835.71	8349.42	6821	0.03	0.0296	507.67	152.44	186.37	507.3				30.4167	78.9	71.9	85.3	91	71	75.3	84.6	87.5	64.5	0	73.7	68.2	72.8	74.3	93.3	62.3	2.1	4.8			
193	2019-03-21T10:57:25	0.2992	0.3716	0.1744	0.4874	67.39	-25.05	5.67	7148.92	8878.81	7868.59	0.3056	0.3755	0.3755	0.1773	0.4901	67.68	-23.91	7.64	7929.87	9741.76	8274.67	6827	0.03	0.0296	507.67	151.1	185.94	507.2				30.1372	78.9	71.9	85.3	91	71.1	75.3	84.5	87.6	64.5	0	73.7	68.2	72.8	74.3	93.3	62.3	2.1	4.9			
194	2019-03-21T10:57:55	0.299	0.3714	0.1744	0.4874	67.38	-25.06	5.62	7213.96	8960.88	7950.8	0.3055	0.3753	0.3753	0.1773	0.4901	67.68	-23.93	7.59	8002.16	9832.52	8361.22	6836	0.03	0.0296	507.67	152.65	185.9	507.1				30.4185	78.9	71.9	85.3	91	71.1	75.3	84.6	87.6	64.5	0	73.7	68.3	72.8	74.3	93.3	62.3	2.1	4.9			
195	2019-03-21T10:58:25	0.2988	0.3713	0.1743	0.4873	67.37	-25.09	5.55	7235.7	8990.58	7988.78	0.3053	0.3752	0.3752	0.1772	0.49	67.67	-23.97	7.52	8026.62	9865.92	8401.18	6842	0.03	0.0297	495.03	153.1	185.99	506.9				30.5199	78.8	71.8	85.3	90.9	71	75.2	84.5	87.5	64.4	0	73.7	68.2	72.8	74.3	93.2	62.2	2.1	4.9			
196	2019-03-21T10:58:55	0.2986	0.3711	0.1742	0.4872	67.36	-25.12	5.49	7269.11	9034.22	8038.51	0.3051	0.3751	0.3751	0.1771	0.4899	67.66	-24	7.46	8064.01	9914.72	8454.06	6853	0.03	0.0297	507.67	154.14	185.81	506.7				30.6836	78.8	71.8	85.3	90.9	71	75.2	84.5	87.5	64.4	0	73.7	68.1	72.8	74.3	93.2	62.2	2.2	4.9			
197	2019-03-21T10:59:25	0.2982	0.371	0.174	0.487	67.35	-25.21	5.39	7251.1	9019.87	8042.27	0.3047	0.375	0.375	0.1769	0.4898	67.65	-24.1	7.37	8044.96	9900.17	8458.34	6871	0.03	0.0298	507.67	153.94	185.6	506.5				30.593	78.8	71.7	85.2	90.9	70.9	75.1	84.5	87.5	64.3	0	73.5	68	72.7	74.1	93.2	62.1	2.2	4.9			
198	2019-03-21T10:59:55	0.2981	0.3708	0.174	0.4869	67.33	-25.18	5.32	7171	8918.01	7964.29	0.3046	0.3747	0.3747	0.1769	0.4897	67.63	-24.07	7.29	7956.04	9788.86	8377.04	6878	0.03	0.0298	498.64	152.28	185.42	506.3				30.2921	78.8	71.7	85.2	90.9	70.9	75.2	84.5	87.5	64.4	0	73.6	68	72.8	74.2	93.2	62.1	2.2	4.9			
199	2019-03-21T11:00:25	0.298	0.3707	0.174	0.4869	67.33	-25.21	5.28	7050.26	8770.03	7838.05	0.3044	0.3747	0.3747	0.1768	0.4896	67.63	-24.1	7.26	7822.26	9627.15	8244.1	6884	0.03	0.0298	507.67	149.92	185.28	506.3				29.7871	78.8	71.7	85.2	90.9	70.9	75.2	84.5	87.5	64.4	0	73.6	68	72.8	74.2	93.2	62.1	2.2	4.9			
200	2019-03-21T11:00:57	0.2978	0.3706	0.1739	0.4868	67.32	-25.22	5.22	6847.8	8519.46	7623.93	0.3043	0.3746	0.3746	0.1767	0.4895	67.62	-24.12	7.2	7597.91	9352.78	8019.7	6891	0.03	0.0298	495.03	145.65	185.28	506.1				28.9448	78.8	71.7	85.2	90.9	70.9	75.2	84.5	87.5	64.4	0	73.6	68	72.8	74.1	93.2	62.1	2.2	4.9			
201	2019-03-21T11:01:25	0.2977	0.3705	0.1738	0.4867	67.31	-25.24	5.18	6789.5	8448.96	7567.52	0.3041	0.3745	0.3745	0.1767	0.4895	67.61	-24.15	7.17	7533.45	9275.73	7960.14	6896	0.03	0.0299	507.67	144.53	185.16	506				28.7045	78.7	71.6	85.2	90.8	70.8	75.1	84.5	87.5	64.3	0	73.6	67.9	72.8	74.1	93.1	62	2.2	4.9			
202	2019-03-21T11:01:55	0.2974	0.3702	0.1737	0.4866	67.29	-25.27	5.08	6697.17	8336.34	7482.94	0.3039	0.3743	0.3743	0.1766	0.4893	67.6	-24.18	7.07	7431.45	9153.25	7872.1	6913	0.03	0.0299	495.03	142.86	184.89	505.8				28.3377	78.7	71.6	85.2	90.8	70.8	75.1	84.4	87.5	64.3	0	73.5	67.9	72.8	74.1	93.1	62	2.2	4.9			
203	2019-03-21T11:02:25	0.2972	0.37	0.1736	0.4865	67.28	-25.29	4.99	6709.38	8353.81	7512.28	0.3036	0.3741	0.3741	0.1765	0.4892	67.58	-24.22	6.99	7445.23	9173.44	7903.02	6925	0.03	0.0299	495.03	143.31	184.89	505.6				28.3935	78.7	71.6	85.2	90.8	70.8	75.1	84.4	87.5	64.3	0	73.5	67.9	72.8	74	93.1	62	2.2	4.9			
204	2019-03-21T11:02:55	0.2971	0.37	0.1736	0.4864	67.28	-25.32	4.96	6694.35	8337.27	7502.71	0.3035	0.374	0.374	0.1764	0.4892	67.58	-24.24	6.95	7428.82	9155.71	7893.06	6930	0.03	0.03	495.03	143.16	184.58	505.6				28.3412	78.7	71.6	85.2	90.8	70.7	75.1	84.4	87.4	64.2	0	73.5	67.8	72.8	74	93.1	61.9	2.2	4.9			
205	2019-03-21T11:03:25	0.2968	0.3697	0.1735	0.4863	67.26	-25.34	4.86	6721.02	8372.33	7550.13	0.3032	0.3738	0.3738	0.1763	0.4891	67.56	-24.27	6.86	7458.68	9195.3	7943.36	6941	0.03	0.03	495.03	143.91	184.5	505.3				28.4658	78.7	71.5	85.2	90.7	70.7	75.1	84.4	87.4	64.2	0	73.5	67.8	72.8	74	93.1	61.9	2.2	5			
206	2019-03-21T11:03:55	0.2966	0.3696	0.1734	0.4861	67.24	-25.38	4.78	6726.64	8382.47	7573.28	0.303	0.3737	0.3737	0.1762	0.4889	67.55	-24.31	6.77	7465.45	9207.3	7968.35	6955	0.03	0.03	498.64	144.04	184.7	505.2				28.4996	78.6	71.5	85.1	90.7	70.6	75	84.4	87.4	64.2	0	73.5	67.8	72.8	73.9	93.1	61.8	2.2	5			
207	2019-03-21T11:04:25	0.2963	0.3693	0.1733	0.486	67.23	-25.4	4.67	6666.96	8310.17	7524.68	0.3027	0.3734	0.3734	0.1761	0.4888	67.53	-24.35	6.68	7399.51	9129.1	7917.54	6972	0.03	0.03	495.03	143.14	184.16	505				28.2613	78.6	71.5	85.1	90.7	70.6	75	84.4	87.4	64.2	0	73.5	67.7	72.8	73.9	93.1	61.8	2.2	5			
208	2019-03-21T11:04:56	0.2961	0.3692	0.1732	0.4859	67.22	-25.44	4.61	6570.72	8193.02	7428.55	0.3025	0.3733	0.3733	0.176	0.4887	67.53	-24.39	6.62	7292.93	9001.24	7816.33	6981	0.03	0.0301	495.03	141.4	184.03	504.8				27.8747	78.6	71.4	85.1	90.7	70.6	75	84.4	87.4	64.1	0	73.4	67.7	72.8	73.9	93	61.8	2.2	5			
209	2019-03-21T11:05:26	0.2954	0.3685	0.1729	0.4855	67.17	-25.5	4.34	6081.58	7588.22	6920.29	0.3017	0.3727	0.3727	0.1757	0.4883	67.48	-24.47	6.35	6751.1	8339.37	7283.34	7022	0.03	0.0301	495.03	131.28	183.64	504.3				25.8312	78.5	71.3	85.1	90.6	70.5	74.9	84.3	87.4	64	0	73.4	67.6	72.8	73.8	93	61.7	2.2	5			
210	2019-03-21T11:05:56	0.2953	0.3685	0.1729	0.4855	67.16	-25.52	4.31	6202.72	7740.99	7063.89	0.3016	0.3727	0.3727	0.1757	0.4883	67.48	-24.49	6.32	6885.75	8507.59	7434.65	7022	0.03	0.0302	495.03	134.02	183.45	504.2				26.3516	78.5	71.3	85.1	90.6	70.5	74.9	84.3	87.3	64	0	73.4	67.5	72.8	73.8	93	61.7	2.2	5			
211	2019-03-21T11:06:26	0.2954	0.3687	0.1729	0.4856	67.18	-25.55	4.37	6388.21	7974.31	7266.73	0.3017	0.3729	0.3729	0.1757	0.4884	67.49	-24.52	6.39	7091.61	8763.66	7647.2	7016	0.03	0.0302	495.03	138	183.35	504.3				27.1391	78.5	71.3	85	90.6	70.4	74.9	84.3	87.3	63.9	0	73.4	67.5	72.7	73.7	93	61.6	2.2	5			
212	2019-03-21T11:06:56	0.2951	0.3684	0.1728	0.4854	67.16	-25.57	4.26	6415.4	8010.25	7316.76	0.3014	0.3726	0.3726	0.1755	0.4883	67.48	-24.56	6.29	7122.04	8804.44	7700.22	7035	0.03	0.0302	495.03	139.07	183.08	504.1				27.2689	78.5	71.3	85	90.6	70.4	74.9	84.3	87.3	64	0	73.4	67.5	72.8	73.7	93	61.6	2.2	5			
213	2019-03-21T11:07:26	0.2948	0.3683	0.1727	0.4853	67.15	-25.61	4.19	6363.19	7948.42	7271.67	0.3012	0.3725	0.3725	0.1754	0.4882	67.47	-24.6	6.22	7064.49	8737.32	7652.84	7046	0.031	0.0303	495.03	137.96	183.01	504				27.0574	78.4	71.2	85	90.5	70.4	74.8	84.3	87.3	63.9	0	73.3	67.4	72.7	73.7	92.9	61.5	2.2	5			
214	2019-03-21T11:07:56	0.2945	0.3681	0.1726	0.4852	67.13	-25.65	4.1	6297.61	7869.45	7213.45	0.3009	0.3723	0.3723	0.1753	0.488	67.45	-24.65	6.13	6992.12	8651.4	7591.97	7059	0.031	0.0303	495.03	136.76	182.96	503.8				26.7865	78.4	71.1	85	90.5	70.3	74.8	84.3	87.3	63.8	0	73.3	67.4	72.7	73.6	92.9	61.5	2.2	5			
215	2019-03-21T11:08:26	0.2943	0.3677	0.1725	0.485	67.11	-25.65	3.97	6216.7	7769.08	7140.66	0.3006	0.372	0.372	0.1752	0.4879	67.43	-24.66	6.01	6902.62	8542.3	7516.4	7076	0.031	0.0303	495.03	135.29	182.64	503.6				26.4644	78.4	71.1	85	90.5	70.3	74.8	84.3	87.3	63.9	0	73.3	67.4	72.7	73.6	92.9	61.5	2.2	5.1			
216	2019-03-21T11:08:56	0.2942	0.3677	0.1724	0.4849	67.1	-25.67	3.95	6148.62	7685.39	7067.35	0.3005	0.372	0.372	0.1752	0.4878	67.43	-24.68	5.98	6827.19	8450.51	7439.3	7081	0.031	0.0304	495.03	133.77	182.54	503.6				26.1714	78.4	71.1	85	90.5	70.3	74.8	84.3	87.3	63.8	0	73.3	67.3	72.7	73.6	92.9	61.4	2.2	5.1			
217	2019-03-21T11:09:26	0.2941	0.3676	0.1724	0.4849	67.1	-25.68	3.91	6110.79	7638.68	7030.67	0.3004	0.3719	0.3719	0.1751	0.4878	67.42	-24.69	5.94	6785.3	8399.6	7401	7084	0.031	0.0304	495.03	133.06	182.47	503.5				26.0259	78.4	71.1	85	90.5	70.3	74.8	84.3	87.3	63.8	0	73.3	67.3	72.7	73.6	92.9	61.4	2.2	5.1			
218	2019-03-21T11:09:56	0.294	0.3676	0.1724	0.4849	67.1	-25.7	3.91	6020.51	7527.45	6928.1	0.3004	0.3719	0.3719	0.1751	0.4878	67.42	-24.72	5.94	6685.2	8277.41	7292.89	7088	0.031	0.0304	495.03	131.03	182.61	503.5				25.6405	78.4	71.1	85	90.5	70.3	74.8	84.3	87.3	63.8	0	73.3	67.3	72.7	73.6	92.9	61.4	2.2	5.1			
219	2019-03-21T11:10:26	0.2938	0.3673	0.1723	0.4847	67.08	-25.68	3.8	5979.45	7475.29	6895.26	0.3002	0.3717	0.3717	0.175	0.4876	67.4	-24.71	5.84	6639.69	8220.98	7258.85	7096	0.031	0.0304	495.03	130.32	182.46	503.3				25.4622	78.4	71.1	85	90.4	70.2	74.8	84.3	87.2	63.8	0	73.3	67.3	72.8	73.6	92.9	61.4	2.2	5.1			
220	2019-03-21T11:10:56	0.2937	0.3672	0.1723	0.4846	67.07	-25.69	3.74	6055.88	7571.73	6993.34	0.3	0.3715	0.3715	0.175	0.4875	67.39	-24.73	5.79	6724.69	8327.75	7362.39	7108	0.031	0.0304	495.03	132.06	182.36	503.2				25.8049	78.4	71.1	85	90.4	70.3	74.8	84.3	87.2	63.8	0	73.3	67.3	72.8	73.6	92.9	61.4	2.2	5.1			
221	2019-03-21T11:11:26	0.2936	0.3672	0.1722	0.4846	67.07	-25.72	3.74	6014.16	7521.27	6947.18	0.3	0.3716	0.3716	0.1749	0.4876	67.39	-24.75	5.79	6678.46	8272.32	7313.44	7111	0.031	0.0304	495.03	131.26	182.3	503.2				25.6281	78.3	71.1	85	90.4	70.2	74.8	84.3	87.2	63.8	0	73.3	67.3	72.8	73.6	92.9	61.4	2.2	5.1			
222	2019-03-21T11:11:56	0.2934	0.367	0.1722	0.4845	67.05	-25.73	3.65	5885.29	7361.4	6813.31	0.2997	0.3713	0.3713	0.1748	0.4874	67.38	-24.77	5.69	6535.68	8097.43	7173.19	7120	0.031	0.0304	495.03	128.49	182.35	503				25.0928	78.3	71	85	90.4	70.2	74.7	84.3	87.2	63.7	0	73.3	67.2	72.8	73.5	92.8	61.3	2.2	5.1			
223	2019-03-21T11:12:26	0.2932	0.3669	0.1721	0.4844	67.04	-25.76	3.61	5811.28	7270.89	6735.34	0.2996	0.3713	0.3713	0.1748	0.4874	67.37	-24.8	5.65	6453.81	7998.19	7091.45	7129	0.031	0.0305	495.03	126.91	182.18	503				24.7845	78.3	71	84.9	90.4	70.1	74.7	84.2	87.2	63.7	0	73.2	67.2	72.8	73.5	92.8	61.3	2.2	5.1			
224	2019-03-21T11:12:56	0.2931	0.3668	0.172	0.4844	67.03	-25.76	3.56	5789.29	7243.68	6717.2	0.2995	0.3712	0.3712	0.1747	0.4873	67.36	-24.81	5.61	6429.44	7968.84	7072.38	7135	0.031	0.0305	495.03	126.72	182.02	502.9				24.6876	78.3	71	84.9	90.3	70.1	74.7	84.3	87.2	63.7	0	73.3	67.2	72.8	73.5	92.8	61.3	2.2	5.1			
225	2019-03-21T11:13:26	0.2929	0.3666	0.1719	0.4843	67.02	-25.82	3.49	5708.61	7146.26	6636.79	0.2992	0.371	0.371	0.1746	0.4872	67.35	-24.87	5.54	6340.21	7862.42	6987.82	7154	0.031	0.0305	495.03	125.11	181.93	502.8				24.364	78.3	71	84.9	90.3	70.1	74.7	84.2	87.2	63.7	0	73.2	67.2	72.7	73.5	92.8	61.3	2.2	5.1			
226	2019-03-21T11:13:56	0.2926	0.3663	0.1718	0.4841	67	-25.83	3.37	5614.4	7029.53	6544.78	0.2989	0.3708	0.3708	0.1745	0.487	67.33	-24.89	5.42	6235.93	7735.01	6891.55	7166	0.031	0.0305	495.03	123.16	181.72	502.6				23.9696	78.2	70.9	84.9	90.3	70.1	74.7	84.2	87.2	63.6	0	73.2	67.1	72.7	73.4	92.8	61.2	2.2	5.1			
227	2019-03-21T11:14:26	0.2925	0.3664	0.1718	0.4841	67	-25.85	3.37	5599.3	7012.31	6528.52	0.2989	0.3708	0.3708	0.1745	0.487	67.34	-24.92	5.43	6219.3	7716.29	6874.62	7169	0.031	0.0306	495.03	123.02	181.59	502.6				23.9157	78.2	70.9	84.9	90.3	70.1	74.7	84.2	87.2	63.6	0	73.2	67.1	72.8	73.4	92.8	61.2	2.2	5.1			
228	2019-03-21T11:14:56	0.2925	0.3663	0.1718	0.4841	67	-25.85	3.35	5598.76	7011.17	6530.11	0.2988	0.3707	0.3707	0.1745	0.487	67.33	-24.91	5.41	6218.6	7715.16	6875.95	7171	0.031	0.0306	495.03	123.11	181.56	502.5				23.9079	78.2	70.9	84.9	90.3	70.1	74.7	84.2	87.2	63.6	0	73.2	67.1	72.7	73.4	92.8	61.2	2.2	5.1			
229	2019-03-21T11:15:26	0.2923	0.3662	0.1717	0.484	66.99	-25.87	3.28	5426.05	6796.73	6339.64	0.2986	0.3706	0.3706	0.1744	0.4869	67.32	-24.94	5.34	6027.06	7479.78	6675.87	7182	0.031	0.0306	495.03	119.3	181.57	502.4				23.1828	78.2	70.9	84.9	90.3	70	74.6	84.2	87.2	63.6	0	73.2	67.1	72.7	73.4	92.8	61.2	2.2	5.1			
230	2019-03-21T11:15:56	0.2909	0.3646	0.1713	0.483	66.87	-25.89	2.67	4431.93	5554.49	5248.67	0.2971	0.3691	0.3691	0.1739	0.486	67.21	-25.02	4.74	4923.93	6116.92	5529.97	7266	0.031	0.0306	495.03	98.14	180.95	501.5				19.0027	78.2	70.8	84.9	90.2	70	74.6	84.2	87.1	63.6	0	73.2	67	72.8	73.3	92.7	61.1	2.2	5.2			
231	2019-03-21T11:16:26	0.2913	0.3651	0.1714	0.4833	66.91	-25.91	2.87	4796.97	6012.21	5657.19	0.2976	0.3696	0.3696	0.174	0.4863	67.25	-25.02	4.94	5329.26	6619.61	5959.29	7238	0.031	0.0306	495.03	106.08	180.81	501.8				20.5405	78.1	70.8	84.9	90.2	69.9	74.6	84.2	87.1	63.5	0	73.2	66.9	72.8	73.3	92.7	61.1	2.2	5.2			
232	2019-03-21T11:16:56	0.2919	0.3658	0.1716	0.4837	66.96	-25.9	3.14	5216.9	6536.69	6115.65	0.2982	0.3703	0.3703	0.1742	0.4867	67.3	-24.98	5.2	5795.15	7194.86	6440.81	7200	0.031	0.0306	495.03	114.98	181.16	502.2				22.3067	78.2	70.9	84.9	90.2	70	74.6	84.2	87.1	63.5	0	73.2	67	72.8	73.3	92.7	61.1	2.2	5.2			
233	2019-03-21T11:17:26	0.292	0.3658	0.1716	0.4838	66.96	-25.88	3.16	5453.87	6832.75	6390.29	0.2983	0.3703	0.3703	0.1743	0.4867	67.3	-24.97	5.22	6058.2	7520.66	6729.74	7197	0.031	0.0306	495.03	120.09	181.5	502.2				23.318	78.2	70.9	84.9	90.2	70	74.7	84.2	87.1	63.6	0	73.2	67.1	72.8	73.4	92.7	61.2	2.2	5.2			
234	2019-03-21T11:17:56	0.2918	0.3657	0.1715	0.4837	66.95	-25.92	3.09	5540.37	6943.89	6503.52	0.2981	0.3702	0.3702	0.1742	0.4867	67.29	-25.02	5.16	6154.63	7643.72	6849.15	7208	0.031	0.0307	495.03	122.19	181.04	502.1				23.7002	78.2	70.8	84.9	90.2	70	74.6	84.2	87.1	63.5	0	73.2	67	72.8	73.3	92.7	61.1	2.2	5.2			
235	2019-03-21T11:18:26	0.2917	0.3657	0.1714	0.4836	66.95	-25.96	3.06	5576.02	6990.89	6551.16	0.298	0.3702	0.3702	0.1741	0.4866	67.29	-25.06	5.14	6194.37	7696.02	6899.11	7219	0.031	0.0307	495.03	123.09	180.79	502.1				23.8507	78.2	70.8	84.8	90.2	70	74.6	84.2	87.1	63.5	0	73.2	67	72.8	73.3	92.7	61.1	2.2	5.2			
236	2019-03-21T11:18:57	0.2916	0.3656	0.1714	0.4836	66.95	-25.99	3.04	5610.08	7035.4	6596.02	0.2979	0.3702	0.3702	0.174	0.4866	67.29	-25.09	5.12	6232.31	7745.23	6946.17	7221	0.031	0.0307	495.03	124.07	181.01	502				24.0055	78.1	70.8	84.8	90.1	69.9	74.6	84.2	87.1	63.5	0	73.1	66.9	72.7	73.3	92.7	61	2.2	5.2			
237	2019-03-21T11:19:27	0.2914	0.3655	0.1713	0.4835	66.94	-26	2.99	5604.91	7029.7	6597.5	0.2977	0.37	0.37	0.174	0.4865	67.28	-25.1	5.07	6226.76	7739.33	6948.21	7226	0.031	0.0308	495.03	123.82	180.98	502				23.9948	78.1	70.8	84.8	90.1	69.9	74.6	84.2	87.1	63.5	0	73.1	66.9	72.7	73.3	92.7	61	2.2	5.2			
238	2019-03-21T11:19:57	0.2912	0.3653	0.1713	0.4834	66.93	-26.01	2.92	5520.22	6924.75	6509.44	0.2975	0.3699	0.3699	0.1739	0.4864	67.27	-25.13	5	6132.79	7624.6	6855.63	7239	0.031	0.0308	495.03	122.28	180.65	501.8				23.6406	78.1	70.8	84.8	90.1	69.9	74.6	84.2	87.1	63.5	0	73.1	66.9	72.8	73.3	92.7	61	2.2	5.2			
239	2019-03-21T11:20:27	0.2911	0.3652	0.1712	0.4834	66.92	-26.03	2.88	5359.84	6724.51	6326.79	0.2974	0.3698	0.3698	0.1738	0.4864	67.26	-25.15	4.96	5954.69	7404.57	6663.27	7245	0.031	0.0308	495.03	118.73	180.59	501.8				22.9604	78.1	70.8	84.8	90.1	69.9	74.6	84.2	87.1	63.5	0	73.2	66.9	72.8	73.3	92.7	61	2.2	5.2			
240	2019-03-21T11:20:57	0.291	0.3651	0.1712	0.4833	66.91	-26.02	2.82	5181.97	6501.45	6124.8	0.2973	0.3697	0.3697	0.1738	0.4863	67.25	-25.15	4.9	5757.17	7159.43	6450.98	7257	0.031	0.0308	495.03	114.96	180.5	501.7				22.2115	78.1	70.8	84.8	90.1	69.9	74.6	84.2	87.1	63.6	0	73.1	66.9	72.8	73.3	92.7	61.1	2.2	5.2			
241	2019-03-21T11:21:27	0.2907	0.3648	0.1711	0.4831	66.89	-26.06	2.71	5087.66	6385.41	6028.54	0.297	0.3695	0.3695	0.1737	0.4862	67.24	-25.19	4.8	5652.63	7032.6	6349.67	7271	0.031	0.0308	495.03	113.09	180.27	501.5				21.8138	78.1	70.7	84.8	90.1	69.9	74.6	84.2	87.1	63.6	0	73.1	66.9	72.8	73.2	92.7	61	2.2	5.2			
242	2019-03-21T11:21:57	0.2905	0.3647	0.171	0.483	66.88	-26.06	2.65	4964.88	6231.76	5891.91	0.2968	0.3693	0.3693	0.1736	0.4861	67.22	-25.2	4.74	5516.38	6863.84	6206.22	7280	0.031	0.0308	495.03	110.34	180.47	501.4				21.3034	78.1	70.7	84.8	90.1	69.9	74.6	84.2	87.1	63.5	0	73.1	66.9	72.8	73.2	92.7	61	2.2	5.2			
243	2019-03-21T11:22:27	0.2898	0.364	0.1708	0.4826	66.83	-26.12	2.37	4832.13	6069.08	5771.61	0.2961	0.3687	0.3687	0.1733	0.4857	67.18	-25.28	4.47	5369.67	6686.88	6080.81	7320	0.031	0.0309	495.03	107.81	179.87	501.1				20.7692	78	70.6	84.8	90	69.7	74.5	84.1	87	63.4	0	73.1	66.7	72.8	73.1	92.6	60.9	2.2	5.2			
244	2019-03-21T11:22:57	0.2872	0.3612	0.1699	0.4809	66.61	-26.21	1.26	3223.84	4055.11	3948.05	0.2933	0.366	0.366	0.1724	0.484	66.98	-25.47	3.38	3584.33	4473.5	4163.65	7488	0.031	0.031	495.03	72.98	178.7	499.6				13.9223	77.8	70.3	84.6	89.8	69.5	74.3	84	87	63.2	0	72.9	66.4	72.8	72.8	92.4	60.6	2.2	5.4			
245	2019-03-21T11:23:27	0.2873	0.3608	0.1701	0.4807	66.58	-26.03	1.16	2836.31	3561.99	3475.37	0.2933	0.3656	0.3656	0.1726	0.4838	66.94	-25.29	3.26	3153.23	3929.51	3666.53	7488	0.031	0.0308	495.03	63.98	179.24	499.5				12.2717	78	70.5	84.7	89.9	69.7	74.5	84.2	87.1	63.5	0	73.1	66.6	73	73	92.5	60.8	2.2	5.4			
246	2019-03-21T11:23:57	0.2871	0.3601	0.1702	0.4803	66.53	-25.89	0.96	2268.26	2845.46	2788.08	0.2931	0.3649	0.3649	0.1726	0.4835	66.89	-25.16	3.05	2521.78	3139.48	2942.6	7502	0.031	0.0306	495.03	51.11	179.48	499.3				9.8203	78	70.5	84.8	89.9	69.7	74.5	84.2	87.1	63.4	0	73.2	66.7	73.2	73.1	92.5	60.9	2.2	5.4			
247	2019-03-21T11:24:27	0.2846	0.3566	0.1697	0.4783	66.26	-25.67	-0.29	1492.45	1869.92	1881.44	0.2905	0.3615	0.3615	0.172	0.4815	66.63	-25.05	1.79	1659.91	2065.78	1988.69	7675	0.03	0.0303	495.03	33.95	179.22	497.9				6.5065	78.1	70.5	84.9	89.7	69.8	74.6	84.3	87.1	63.5	0	73.4	66.7	73.6	73.1	92.4	61	2.2	5.4			
248	2019-03-21T11:24:58	0.2818	0.3517	0.1694	0.4755	65.88	-25.11	-1.95	964.35	1203.33	1254.01	0.2874	0.3567	0.3567	0.1715	0.4787	66.26	-24.61	0.1	1073	1331.4	1328.51	7900	0.029	0.0296	478.67	22.11	179.8	496.3				4.2417	78.3	70.7	85.1	89.7	70	74.9	84.6	87.3	63.8	0	73.8	67	74.2	73.3	92.4	61.3	2.1	5.4			
249	2019-03-21T11:25:28	0.2776	0.3453	0.1685	0.4717	65.38	-24.62	-4.19	723.91	900.53	983.66	0.2829	0.3505	0.3505	0.1704	0.4751	65.79	-24.32	-2.13	806.01	998.76	1044.67	8269	0.028	0.0291	478.67	17.01	182.24	494.5				3.2237	78.4	70.7	85.2	89.5	70.2	75.1	84.8	87.4	64	0	74.1	67	74.8	73.3	92.3	61.4	2.1	5.5			
250	2019-03-21T11:25:58	0.277	0.3445	0.1684	0.4712	65.32	-24.59	-4.48	707.93	880.53	967.68	0.2822	0.3497	0.3497	0.1702	0.4746	65.73	-24.3	-2.42	788.32	976.87	1028.02	8319	0.028	0.0291	478.67	16.69	182.13	494.3				3.1574	78.3	70.6	85.2	89.5	70.1	75.1	84.8	87.4	63.9	0	74.1	67	74.8	73.2	92.2	61.3	2.1	5.5			
251	2019-03-21T11:26:28	0.2768	0.3443	0.1683	0.4711	65.3	-24.58	-4.54	705.24	877.16	965.08	0.2821	0.3496	0.3496	0.1702	0.4745	65.72	-24.3	-2.47	785.34	973.21	1025.29	8330	0.028	0.0291	478.67	16.65	181.83	494.2				3.1471	78.3	70.6	85.2	89.5	70.1	75.1	84.8	87.4	63.9	0	74.1	66.9	74.8	73.2	92.2	61.3	2.1	5.5			
252	2019-03-21T11:26:58	0.2767	0.3442	0.1683	0.471	65.29	-24.57	-4.59	702.23	873.37	962.01	0.282	0.3494	0.3494	0.1701	0.4744	65.71	-24.3	-2.52	782	969.06	1022.06	8344	0.028	0.0291	478.67	16.58	181.99	494.2				3.1333	78.3	70.6	85.2	89.5	70.1	75.1	84.8	87.4	63.9	0	74.1	67	74.8	73.2	92.2	61.3	2.1	5.5			
253	2019-03-21T11:27:28	0.2767	0.3442	0.1683	0.471	65.3	-24.59	-4.58	699.46	870.06	958.1	0.282	0.3495	0.3495	0.1701	0.4744	65.71	-24.31	-2.51	778.93	965.37	1017.92	8344	0.028	0.0291	478.67	16.53	181.89	494.2				3.1212	78.3	70.6	85.2	89.5	70.1	75.1	84.8	87.4	63.9	0	74	66.9	74.8	73.2	92.2	61.3	2.1	5.5			
254	2019-03-21T11:27:58	0.2768	0.3442	0.1683	0.471	65.29	-24.57	-4.58	697.06	866.91	954.72	0.282	0.3495	0.3495	0.1702	0.4744	65.71	-24.29	-2.52	776.25	961.89	1014.34	8344	0.028	0.029	478.67	16.46	182.04	494.2				3.1105	78.3	70.6	85.2	89.5	70.1	75.1	84.8	87.4	63.9	0	74.1	67	74.8	73.2	92.2	61.3	2.1	5.5			
255	2019-03-21T11:28:28	0.2768	0.3443	0.1683	0.4711	65.3	-24.57	-4.56	695.69	865.18	952.31	0.2821	0.3495	0.3495	0.1702	0.4745	65.71	-24.29	-2.49	774.71	959.93	1011.78	8335	0.028	0.029	478.67	16.44	181.77	494.2				3.1058	78.3	70.6	85.2	89.5	70.1	75.1	84.8	87.4	63.9	0	74.1	66.9	74.8	73.2	92.2	61.3	2.1	5.5			
256	2019-03-21T11:28:58	0.2768	0.3442	0.1683	0.471	65.3	-24.56	-4.56	693.83	862.85	949.89	0.2821	0.3495	0.3495	0.1702	0.4744	65.71	-24.29	-2.5	772.64	957.34	1009.18	8335	0.028	0.029	478.67	16.37	182.1	494.2				3.0955	78.3	70.6	85.2	89.5	70.1	75.1	84.8	87.4	63.9	0	74.1	67	74.8	73.2	92.2	61.3	2.1	5.5			
257	2019-03-21T11:29:31	0.2768	0.3442	0.1683	0.471	65.3	-24.56	-4.57	691.82	860.35	947.19	0.2821	0.3495	0.3495	0.1702	0.4744	65.71	-24.28	-2.5	770.41	954.56	1006.36	8335	0.028	0.029	478.67	16.33	181.94	494.2				3.087	78.3	70.6	85.2	89.5	70.1	75.1	84.8	87.4	63.9	0	74.1	66.9	74.8	73.2	92.2	61.3	2.1	5.5			
258	2019-03-21T11:29:58	0.2768	0.3443	0.1683	0.471	65.3	-24.56	-4.56	690.21	858.36	944.85	0.2821	0.3495	0.3495	0.1702	0.4745	65.71	-24.29	-2.49	768.61	952.37	1003.86	8335	0.028	0.029	478.67	16.3	181.87	494.2				3.0801	78.3	70.6	85.2	89.5	70.1	75.1	84.8	87.4	63.9	0	74.1	67	74.8	73.3	92.2	61.3	2.1	5.5			
259	2019-03-21T11:30:28	0.2769	0.3443	0.1684	0.4711	65.3	-24.53	-4.53	691.71	859.98	946.16	0.2822	0.3495	0.3495	0.1702	0.4745	65.71	-24.26	-2.47	770.26	954.12	1005.26	8330	0.028	0.029	478.67	16.3	182.28	494.2				3.0857	78.4	70.6	85.2	89.5	70.1	75.1	84.8	87.4	64	0	74.1	67	74.8	73.3	92.2	61.4	2.1	5.5			
260	2019-03-21T11:30:58	0.2769	0.3444	0.1684	0.4711	65.31	-24.56	-4.51	692.63	861.28	947.16	0.2822	0.3496	0.3496	0.1702	0.4745	65.72	-24.28	-2.45	771.29	955.55	1006.26	8328	0.028	0.029	478.67	16.35	181.96	494.2				3.0898	78.3	70.6	85.2	89.5	70.1	75.1	84.8	87.4	63.9	0	74.1	67	74.8	73.3	92.2	61.3	2.1	5.5			
261	2019-03-21T11:31:28	0.277	0.3445	0.1684	0.4712	65.32	-24.56	-4.47	693.45	862.33	947.51	0.2823	0.3497	0.3497	0.1703	0.4746	65.73	-24.28	-2.41	772.19	956.66	1006.62	8319	0.028	0.029	478.67	16.35	182.07	494.3				3.0921	78.3	70.6	85.2	89.5	70.1	75.1	84.8	87.4	64	0	74.1	67	74.8	73.3	92.2	61.3	2.1	5.5			
262	2019-03-21T11:31:58	0.2771	0.3446	0.1684	0.4713	65.33	-24.57	-4.43	695.28	864.66	949.13	0.2824	0.3498	0.3498	0.1703	0.4747	65.74	-24.28	-2.37	774.22	959.17	1008.28	8311	0.028	0.029	478.67	16.38	182.24	494.3				3.1006	78.3	70.6	85.2	89.5	70.1	75.1	84.8	87.4	63.9	0	74	67	74.8	73.3	92.2	61.3	2.1	5.5			
263	2019-03-21T11:32:28	0.2772	0.3447	0.1685	0.4713	65.33	-24.57	-4.39	696.58	866.23	950.15	0.2825	0.3499	0.3499	0.1703	0.4747	65.74	-24.27	-2.33	775.65	960.88	1009.31	8309	0.028	0.029	478.67	16.4	181.98	494.3				3.1048	78.3	70.6	85.2	89.5	70.1	75.1	84.8	87.4	63.9	0	74	67	74.7	73.3	92.2	61.3	2.1	5.5			
264	2019-03-21T11:32:58	0.2773	0.3447	0.1685	0.4714	65.34	-24.55	-4.37	697.32	866.98	950.6	0.2826	0.35	0.35	0.1704	0.4747	65.75	-24.25	-2.31	776.46	961.68	1009.82	8302	0.028	0.029	478.67	16.41	182.25	494.3				3.1078	78.4	70.7	85.2	89.6	70.1	75.1	84.8	87.4	64	0	74.1	67	74.8	73.3	92.3	61.4	2.1	5.5			
265	2019-03-21T11:33:29	0.2773	0.3449	0.1685	0.4714	65.35	-24.58	-4.33	696.48	866.19	948.83	0.2826	0.3501	0.3501	0.1703	0.4748	65.76	-24.28	-2.27	775.54	960.77	1007.9	8290	0.028	0.0291	478.67	16.4	182.14	494.4				3.1035	78.3	70.6	85.2	89.5	70.1	75.1	84.8	87.4	63.9	0	74	67	74.8	73.2	92.2	61.3	2.1	5.5			
266	2019-03-21T11:33:59	0.2774	0.3449	0.1686	0.4715	65.35	-24.54	-4.31	697.2	866.71	949.17	0.2827	0.3501	0.3501	0.1704	0.4748	65.76	-24.24	-2.26	776.3	961.33	1008.26	8283	0.028	0.029	478.67	16.38	182.44	494.4				3.1067	78.4	70.7	85.3	89.5	70.2	75.1	84.9	87.4	64	0	74.1	67.1	74.8	73.3	92.2	61.4	2.1	5.5			
267	2019-03-21T11:34:29	0.2775	0.3451	0.1686	0.4716	65.37	-24.57	-4.24	700.2	870.65	951.96	0.2828	0.3503	0.3503	0.1704	0.475	65.77	-24.26	-2.18	779.64	965.6	1011.16	8274	0.028	0.029	478.67	16.43	182.7	494.4				3.1174	78.4	70.7	85.2	89.6	70.1	75.1	84.8	87.4	64	0	74.1	67	74.7	73.3	92.3	61.4	2.1	5.5			
268	2019-03-21T11:34:59	0.2776	0.3452	0.1686	0.4716	65.37	-24.58	-4.2	701.28	872.08	952.86	0.2829	0.3504	0.3504	0.1704	0.475	65.78	-24.27	-2.15	780.83	967.17	1012.04	8269	0.028	0.029	478.67	16.47	182.35	494.5				3.1218	78.4	70.7	85.2	89.5	70.1	75.1	84.8	87.4	63.9	0	74.1	67	74.7	73.3	92.3	61.4	2.1	5.5			
269	2019-03-21T11:35:29	0.2776	0.3453	0.1686	0.4717	65.38	-24.6	-4.19	699.16	869.56	949.78	0.2829	0.3505	0.3505	0.1704	0.475	65.79	-24.28	-2.13	778.49	964.34	1008.76	8269	0.028	0.0291	478.67	16.41	182.5	494.5				3.1122	78.3	70.6	85.2	89.6	70.1	75.1	84.8	87.4	63.9	0	74	67	74.7	73.3	92.3	61.3	2.1	5.5			
270	2019-03-21T11:35:59	0.2774	0.3452	0.1685	0.4716	65.37	-24.63	-4.24	694.15	863.62	944.3	0.2827	0.3504	0.3504	0.1704	0.475	65.78	-24.32	-2.18	772.96	957.83	1002.98	8281	0.028	0.0291	478.67	16.33	182.32	494.4				3.088	78.3	70.5	85.2	89.5	70	75	84.8	87.3	63.8	0	74	66.9	74.7	73.2	92.2	61.2	2.1	5.5			
271	2019-03-21T11:36:29	0.2774	0.3451	0.1685	0.4716	65.37	-24.62	-4.25	696.16	866.01	947.08	0.2827	0.3503	0.3503	0.1704	0.475	65.77	-24.31	-2.19	775.18	960.49	1005.94	8281	0.028	0.0291	478.67	16.37	182.27	494.4				3.0994	78.3	70.6	85.2	89.5	70.1	75	84.8	87.4	63.9	0	74	67	74.7	73.2	92.2	61.3	2.1	5.5			
272	2019-03-21T11:36:59	0.2776	0.3452	0.1685	0.4716	65.37	-24.6	-4.21	700.2	870.87	951.58	0.2829	0.3504	0.3504	0.1704	0.475	65.78	-24.28	-2.15	779.65	965.82	1010.67	8274	0.028	0.0291	478.67	16.44	182.35	494.5				3.1162	78.3	70.6	85.2	89.5	70.1	75.1	84.8	87.4	63.9	0	74	67	74.7	73.3	92.3	61.3	2.1	5.5			
273	2019-03-21T11:37:29	0.2775	0.3452	0.1685	0.4716	65.37	-24.59	-4.23	697.94	868.04	948.93	0.2828	0.3504	0.3504	0.1704	0.475	65.78	-24.28	-2.17	777.14	962.71	1007.91	8274	0.028	0.0291	478.67	16.41	182.19	494.4				3.107	78.3	70.6	85.2	89.5	70.1	75.1	84.8	87.4	63.9	0	74	67	74.7	73.3	92.2	61.3	2.1	5.5			
274	2019-03-21T11:37:59	0.2774	0.3451	0.1685	0.4716	65.37	-24.62	-4.25	695.42	865.14	946.16	0.2827	0.3503	0.3503	0.1704	0.475	65.78	-24.31	-2.19	774.36	959.51	1004.95	8281	0.028	0.0291	478.67	16.34	182.26	494.4				3.0968	78.3	70.6	85.2	89.5	70	75	84.8	87.4	63.8	0	74	66.9	74.7	73.2	92.2	61.3	2.1	5.5			
275	2019-03-21T11:38:29	0.2775	0.3451	0.1685	0.4716	65.37	-24.61	-4.25	695.17	864.72	945.66	0.2828	0.3503	0.3503	0.1704	0.475	65.77	-24.3	-2.19	774.08	959.04	1004.43	8281	0.028	0.0291	478.67	16.34	182.23	494.4				3.0955	78.3	70.6	85.2	89.5	70.1	75	84.8	87.4	63.9	0	74	67	74.7	73.2	92.2	61.3	2.1	5.5			
276	2019-03-21T11:38:59	0.2775	0.3452	0.1685	0.4716	65.37	-24.63	-4.22	695.68	865.51	945.92	0.2828	0.3504	0.3504	0.1704	0.475	65.78	-24.32	-2.16	774.65	959.91	1004.67	8279	0.028	0.0291	478.67	16.36	182.21	494.4				3.0968	78.3	70.6	85.2	89.5	70.1	75	84.8	87.4	63.8	0	74	66.9	74.7	73.2	92.2	61.3	2.1	5.5			
277	2019-03-21T11:39:29	0.2775	0.3452	0.1685	0.4716	65.37	-24.64	-4.22	694.71	864.36	944.72	0.2828	0.3504	0.3504	0.1704	0.475	65.78	-24.32	-2.16	773.56	958.63	1003.38	8279	0.028	0.0291	478.67	16.33	182.2	494.4				3.0929	78.3	70.6	85.2	89.5	70.1	75	84.8	87.4	63.9	0	74	66.9	74.7	73.2	92.2	61.3	2.1	5.5			
278	2019-03-21T11:39:59	0.2773	0.345	0.1684	0.4715	65.36	-24.64	-4.3	687.88	855.88	936.98	0.2826	0.3502	0.3502	0.1703	0.4749	65.77	-24.33	-2.24	766	949.31	995.26	8289	0.028	0.0291	478.67	16.2	182.2	494.4				3.0639	78.3	70.5	85.2	89.5	70	75	84.8	87.4	63.8	0	74	66.9	74.7	73.2	92.2	61.2	2.1	5.5			
279	2019-03-21T11:40:29	0.2772	0.345	0.1684	0.4715	65.36	-24.66	-4.3	684.8	852.23	933.01	0.2826	0.3502	0.3502	0.1703	0.4749	65.77	-24.35	-2.24	762.58	945.27	991	8292	0.028	0.0292	478.67	16.13	182.02	494.4				3.0494	78.2	70.5	85.1	89.5	70	75	84.8	87.4	63.8	0	73.9	66.9	74.7	73.2	92.2	61.2	2.1	5.5			
280	2019-03-21T11:40:59	0.2759	0.3433	0.168	0.4704	65.23	-24.6	-4.91	646.79	804.81	892.53	0.2812	0.3487	0.3487	0.1698	0.4739	65.64	-24.36	-2.84	720.39	893.36	948.5	8407	0.028	0.0291	478.67	15.37	181.31	494				2.8903	78.2	70.4	85.2	89.4	69.9	75	84.8	87.3	63.8	0	74	66.8	74.8	73.1	92.1	61.2	2.1	5.5			
281	2019-03-21T11:41:29	0.2761	0.3435	0.1681	0.4706	65.24	-24.6	-4.85	651.85	811.06	898.33	0.2813	0.3488	0.3488	0.1699	0.474	65.66	-24.35	-2.78	726.02	900.23	954.63	8395	0.028	0.0291	478.67	15.47	181.62	494				2.9127	78.2	70.5	85.2	89.4	69.9	75	84.8	87.3	63.8	0	74	66.8	74.8	73.1	92.1	61.2	2.1	5.5			
282	2019-03-21T11:41:59	0.2765	0.344	0.1682	0.4709	65.28	-24.61	-4.66	661.09	822.53	907.39	0.2818	0.3493	0.3493	0.17	0.4743	65.69	-24.34	-2.6	736.26	912.73	964.11	8363	0.028	0.0291	478.67	15.64	181.86	494.1				2.9506	78.2	70.5	85.2	89.4	70	75	84.8	87.3	63.8	0	74	66.8	74.7	73.1	92.2	61.2	2.1	5.5			
283	2019-03-21T11:42:29	0.2768	0.3444	0.1683	0.4711	65.31	-24.61	-4.52	670.81	834.58	917.86	0.2821	0.3497	0.3497	0.1702	0.4745	65.72	-24.32	-2.45	747.04	925.91	975.12	8330	0.028	0.0291	478.67	15.84	181.81	494.2				2.9916	78.2	70.5	85.2	89.5	70	75	84.8	87.4	63.8	0	74	66.8	74.7	73.2	92.2	61.2	2.1	5.5			
284	2019-03-21T11:42:59	0.2771	0.3447	0.1684	0.4713	65.33	-24.62	-4.41	676.65	841.86	923.77	0.2824	0.3499	0.3499	0.1702	0.4747	65.74	-24.33	-2.35	753.52	933.9	981.31	8313	0.028	0.0291	478.67	15.95	182.29	494.3				3.015	78.3	70.5	85.2	89.5	70	75	84.8	87.3	63.8	0	74	66.9	74.7	73.2	92.2	61.2	2.1	5.5			
285	2019-03-21T11:43:29	0.2773	0.345	0.1684	0.4715	65.35	-24.63	-4.31	679.63	845.6	926.02	0.2826	0.3502	0.3502	0.1703	0.4749	65.76	-24.32	-2.26	756.83	937.91	983.65	8292	0.028	0.0291	478.67	15.99	182.41	494.4				3.0262	78.2	70.5	85.2	89.5	70	75	84.8	87.3	63.7	0	73.9	66.9	74.7	73.2	92.2	61.2	2.1	5.5			
286	2019-03-21T11:43:59	0.2766	0.3441	0.1682	0.4709	65.29	-24.61	-4.62	659.44	820.46	904.33	0.2819	0.3494	0.3494	0.1701	0.4744	65.7	-24.33	-2.56	734.42	910.38	960.84	8355	0.028	0.0291	478.67	15.59	182.06	494.2				2.941	78.3	70.5	85.2	89.5	70	75	84.8	87.4	63.8	0	74	66.8	74.7	73.2	92.2	61.2	2.1	5.5			
287	2019-03-21T11:44:29	0.2758	0.3431	0.168	0.4703	65.21	-24.59	-4.98	637.27	792.87	880.49	0.281	0.3485	0.3485	0.1698	0.4738	65.63	-24.34	-2.91	709.82	880.14	935.81	8419	0.028	0.0291	478.67	15.14	181.53	493.9				2.849	78.2	70.4	85.1	89.4	69.9	75	84.8	87.3	63.7	0	74	66.7	74.8	73.1	92.1	61.1	2.1	5.5			
288	2019-03-21T11:44:59	0.2754	0.3427	0.1679	0.47	65.17	-24.56	-5.15	630.95	784.92	874.85	0.2806	0.348	0.348	0.1697	0.4735	65.59	-24.34	-3.08	702.82	871.51	929.94	8457	0.028	0.0291	478.67	15.03	181.31	493.8				2.8231	78.2	70.4	85.2	89.4	69.9	75	84.8	87.3	63.8	0	74	66.8	74.8	73.1	92.1	61.1	2.1	5.5			
289	2019-03-21T11:45:29	0.2767	0.3442	0.1683	0.471	65.29	-24.6	-4.59	663.55	825.48	909.22	0.282	0.3494	0.3494	0.1701	0.4744	65.71	-24.31	-2.53	739	915.88	966.06	8344	0.028	0.0291	478.67	15.69	181.97	494.2				2.9601	78.2	70.5	85.2	89.5	70	75	84.8	87.3	63.7	0	73.9	66.8	74.7	73.1	92.2	61.1	2.1	5.5			
290	2019-03-21T11:45:59	0.2767	0.3443	0.1683	0.471	65.3	-24.6	-4.57	661.85	823.37	906.53	0.282	0.3495	0.3495	0.1701	0.4744	65.71	-24.31	-2.51	737.1	913.53	963.17	8344	0.028	0.0291	478.67	15.63	182.02	494.2				2.952	78.2	70.5	85.2	89.5	70	75	84.8	87.3	63.7	0	73.9	66.8	74.7	73.1	92.2	61.1	2.1	5.5			
291	2019-03-21T11:46:30	0.2764	0.3439	0.1682	0.4708	65.27	-24.61	-4.72	651.9	811.11	895.79	0.2816	0.3491	0.3491	0.17	0.4742	65.68	-24.34	-2.65	726.06	900.09	951.85	8372	0.028	0.0291	478.67	15.44	181.76	494.1				2.9099	78.2	70.4	85.1	89.4	69.9	75	84.8	87.3	63.7	0	73.9	66.8	74.7	73.1	92.2	61.1	2.1	5.5			
292	2019-03-21T11:46:59	0.2765	0.344	0.1682	0.4709	65.28	-24.59	-4.65	654.84	814.64	898.52	0.2818	0.3493	0.3493	0.1701	0.4743	65.69	-24.32	-2.59	729.31	903.95	954.7	8363	0.028	0.0291	478.67	15.5	181.78	494.1				2.9215	78.2	70.5	85.2	89.5	69.9	75	84.8	87.3	63.8	0	73.9	66.8	74.7	73.1	92.2	61.1	2.1	5.5			
293	2019-03-21T11:47:30	0.2765	0.3439	0.1682	0.4708	65.27	-24.59	-4.69	653.07	812.4	896.74	0.2817	0.3492	0.3492	0.1701	0.4742	65.69	-24.31	-2.63	727.34	901.49	952.86	8363	0.028	0.0291	478.67	15.45	181.98	494.1				2.9139	78.2	70.5	85.2	89.4	70	75	84.8	87.3	63.7	0	74	66.8	74.7	73.1	92.2	61.2	2.1	5.5			
294	2019-03-21T11:48:00	0.2748	0.3417	0.1678	0.4694	65.1	-24.47	-5.49	551.9	686.17	770.17	0.28	0.3471	0.3471	0.1695	0.4729	65.52	-24.29	-3.4	614.78	762.18	818.9	8521	0.028	0.029	478.67	13.21	180.7	493.5				2.4758	78.3	70.5	85.2	89.3	70	75.1	84.9	87.4	64	0	74.1	66.9	75	73.2	92.1	61.3	2.1	5.5			