;GL_SpectroSoft	3.1.07
;SPX	6.4.2(0.7.2)
Pos	Name	x2	y2	u2'	v2'	L2	a2	b2	X2	Y2	Z2	x10	y10	y10	u10'	v10'	L10	a10	b10	X10	Y10	Z10	CCT	ChErr	Duv	ColPeak	ColPeakVal	Lambda2	ColDom	LumInt	LumEff	Purity	Radiometric	Ra	R1	R2	R3	R4	R5	R6	R7	R8	R9	R10	R11	R12	R13	R14	R15	Mivis	Miuv	Binning	Brightness	Pass
										lx													K			nm		nm	nm				W/m²																					
1	2019-03-26T09:09:34	0.2492	0.3229	0.1564	0.4557	63.58	-28.36	-13.51	457.19	592.28	785	0.2542	0.3314	0.3314	0.1572	0.4611	64.27	-29.25	-10.71	511.95	667.3	834.49	11234	0.034	0.0352	476.85	13.72	150.62	490.1				2.1959	73	62.9	81.6	84.3	62	69.8	81.5	84.3	57.6	0	68.9	57.6	71.8	65.9	88.8	53	2.9	5.7			
2	2019-03-26T09:10:04	0.2491	0.3228	0.1563	0.4557	63.57	-28.38	-13.55	458.05	593.51	787.32	0.2541	0.3313	0.3313	0.1572	0.461	64.26	-29.27	-10.75	512.94	668.72	836.98	11250	0.034	0.0353	476.85	13.74	150.51	490.1				2.2009	73	62.8	81.6	84.3	61.9	69.7	81.4	84.3	57.5	0	68.9	57.6	71.7	65.9	88.8	53	2.9	5.7			
3	2019-03-26T09:10:35	0.2486	0.3224	0.1561	0.4554	63.54	-28.44	-13.71	470.32	609.82	811.57	0.2536	0.3309	0.3309	0.157	0.4608	64.24	-29.35	-10.9	526.75	687.29	862.82	11298	0.035	0.0354	476.85	14.16	150.43	490.1				2.2632	72.8	62.6	81.5	84.2	61.7	69.6	81.3	84.2	57.3	0	68.8	57.3	71.7	65.7	88.7	52.7	2.9	5.7			
4	2019-03-26T09:11:05	0.2487	0.3225	0.1561	0.4555	63.55	-28.44	-13.67	456.93	592.46	787.82	0.2537	0.331	0.331	0.157	0.4608	64.24	-29.34	-10.86	511.76	667.66	837.58	11298	0.035	0.0354	476.85	13.75	150.14	490.1				2.1982	72.8	62.7	81.5	84.2	61.8	69.6	81.3	84.3	57.3	0	68.7	57.4	71.6	65.7	88.8	52.7	2.9	5.7			
5	2019-03-26T09:11:35	0.2488	0.3226	0.1561	0.4556	63.56	-28.45	-13.61	452.72	587.02	779.7	0.2538	0.3312	0.3312	0.157	0.4609	64.26	-29.34	-10.81	507.02	661.47	828.91	11295	0.035	0.0354	478.67	13.59	150.77	490.1				2.1777	72.9	62.7	81.5	84.3	61.8	69.6	81.3	84.3	57.4	0	68.7	57.4	71.6	65.7	88.8	52.8	2.9	5.7			
6	2019-03-26T09:12:05	0.2488	0.3228	0.1561	0.4557	63.58	-28.52	-13.56	464.31	602.44	799.31	0.2539	0.3314	0.3314	0.157	0.461	64.27	-29.41	-10.76	520.03	678.81	849.72	11286	0.035	0.0355	476.85	13.96	150.44	490.1				2.2339	72.8	62.6	81.4	84.3	61.7	69.6	81.3	84.3	57.3	0	68.6	57.3	71.5	65.6	88.8	52.7	2.9	5.7			
7	2019-03-26T09:12:35	0.2489	0.3228	0.1561	0.4557	63.58	-28.5	-13.56	446.3	578.95	768.11	0.2539	0.3313	0.3313	0.157	0.461	64.27	-29.38	-10.76	499.87	652.32	816.62	11284	0.035	0.0354	476.85	13.39	151.08	490.1				2.1472	72.8	62.6	81.4	84.3	61.8	69.6	81.3	84.3	57.4	0	68.6	57.4	71.5	65.6	88.8	52.7	2.9	5.7			
8	2019-03-26T09:13:06	0.2396	0.3096	0.1537	0.4468	62.47	-27.72	-18.06	229.98	297.23	432.84	0.2441	0.319	0.319	0.154	0.4529	63.26	-29.18	-15.1	257.95	337.17	461.71	13436	0.034	0.0355	476.85	7.38	148.03	488.4				1.1397	72.4	61.6	80.9	83.6	61	69.2	80.9	84.3	57.5	0	67.8	56.2	71.9	64.6	88.3	52.2	3.1	5.8			
9	2019-03-26T09:13:35	0.2487	0.3227	0.156	0.4556	63.57	-28.53	-13.61	440.72	571.88	759.49	0.2537	0.3312	0.3312	0.1569	0.4609	64.26	-29.41	-10.81	493.63	644.42	807.47	11297	0.035	0.0355	476.85	13.25	150.61	490.1				2.1218	72.8	62.6	81.4	84.3	61.8	69.6	81.3	84.3	57.4	0	68.6	57.3	71.5	65.6	88.8	52.7	2.9	5.7			
10	2019-03-26T09:14:05	0.2484	0.3224	0.1559	0.4554	63.54	-28.56	-13.73	424.34	550.85	733.43	0.2534	0.3309	0.3309	0.1568	0.4607	64.24	-29.46	-10.92	475.33	620.85	779.82	11366	0.035	0.0356	476.85	12.78	150.88	490.1				2.0444	72.8	62.5	81.3	84.3	61.7	69.5	81.2	84.3	57.3	0	68.4	57.2	71.5	65.5	88.8	52.6	2.9	5.7			
11	2019-03-26T09:14:37	0.232	0.2983	0.1518	0.439	61.5	-26.84	-21.84	137.89	177.27	279.18	0.2361	0.3085	0.3085	0.1516	0.4457	62.38	-28.8	-18.73	154.85	202.3	298.65	16170	0.034	0.0354	476.85	4.66	145.92	487.2				0.6992	71.9	60.7	80.4	82.9	60.1	68.8	80.6	84.3	57.4	0	66.9	55	72.1	63.6	87.9	51.6	3.4	6			
12	2019-03-26T09:15:05	0.2475	0.3214	0.1556	0.4547	63.45	-28.56	-14.1	420.11	545.55	732	0.2525	0.33	0.33	0.1565	0.4601	64.16	-29.5	-11.28	470.7	615.19	778.52	11509	0.035	0.0356	476.85	12.74	150.69	489.9				2.0296	72.6	62.2	81.2	84.2	61.4	69.3	81.1	84.2	57.1	0	68.3	56.9	71.4	65.3	88.7	52.3	2.9	5.7			
13	2019-03-26T09:15:35	0.2481	0.3219	0.1559	0.455	63.5	-28.48	-13.89	415	538.39	719.27	0.2531	0.3304	0.3304	0.1568	0.4604	64.19	-29.38	-11.09	464.9	606.89	764.93	11422	0.035	0.0355	476.85	12.52	151.06	490				2.002	72.7	62.4	81.3	84.3	61.7	69.5	81.2	84.3	57.3	0	68.4	57.2	71.5	65.5	88.8	52.5	2.9	5.7			
14	2019-03-26T09:16:05	0.2474	0.321	0.1557	0.4545	63.43	-28.48	-14.19	419.69	544.58	732.01	0.2524	0.3297	0.3297	0.1565	0.4599	64.13	-29.42	-11.37	470.22	614.14	778.64	11533	0.035	0.0355	476.85	12.73	150.63	489.9				2.0286	72.6	62.3	81.3	84.2	61.5	69.4	81.1	84.3	57.1	0	68.3	57	71.5	65.3	88.7	52.4	2.9	5.7			
15	2019-03-26T09:16:35	0.245	0.3179	0.1549	0.4524	63.17	-28.38	-15.28	379.6	492.56	677.22	0.2499	0.3267	0.3267	0.1557	0.458	63.9	-29.45	-12.42	425.49	556.38	720.92	12013	0.035	0.0357	476.85	11.71	150	489.5				1.8493	72.4	61.9	81.1	83.9	61.2	69.2	81	84.2	57	0	68	56.6	71.5	64.9	88.6	52.1	3	5.7			
16	2019-03-26T09:17:05	0.2468	0.3205	0.1554	0.4541	63.39	-28.56	-14.4	434	563.69	760.96	0.2518	0.3292	0.3292	0.1562	0.4596	64.1	-29.52	-11.57	486.33	635.91	809.46	11636	0.035	0.0357	476.85	13.23	150.24	489.8				2.103	72.5	62.1	81.1	84.1	61.3	69.2	81	84.2	56.9	0	68.1	56.7	71.3	65.1	88.6	52.2	3	5.7			
17	2019-03-26T09:17:35	0.2467	0.3204	0.1554	0.454	63.38	-28.56	-14.44	426.67	554.19	748.77	0.2517	0.3291	0.3291	0.1562	0.4595	64.09	-29.53	-11.61	478.13	625.23	796.54	11678	0.035	0.0357	476.85	13	150.58	489.8				2.0679	72.5	62.1	81.1	84.1	61.3	69.2	81	84.3	57	0	68.1	56.8	71.3	65.1	88.7	52.2	3	5.7			
18	2019-03-26T09:18:05	0.2467	0.3203	0.1554	0.454	63.37	-28.53	-14.47	416.52	540.89	731.24	0.2516	0.329	0.329	0.1562	0.4594	64.08	-29.51	-11.64	466.74	610.25	777.92	11678	0.035	0.0357	476.85	12.69	150.64	489.8				2.0195	72.6	62.1	81.1	84.1	61.4	69.3	81	84.3	57.1	0	68.1	56.8	71.3	65.1	88.7	52.3	2.9	5.7			
19	2019-03-26T09:18:35	0.2466	0.3201	0.1554	0.4538	63.35	-28.49	-14.54	406.05	527.11	713.73	0.2515	0.3287	0.3287	0.1562	0.4593	64.06	-29.47	-11.71	455.01	594.75	759.38	11713	0.035	0.0356	476.85	12.38	150.58	489.7				1.9698	72.6	62.1	81.2	84.2	61.4	69.3	81	84.3	57.2	0	68.1	56.9	71.4	65.2	88.7	52.3	2.9	5.7			
20	2019-03-26T09:19:05	0.2466	0.32	0.1554	0.4538	63.35	-28.47	-14.55	400.69	520.05	704.2	0.2515	0.3287	0.3287	0.1562	0.4593	64.06	-29.45	-11.72	449.01	586.78	749.24	11713	0.035	0.0356	476.85	12.21	150.65	489.7				1.9422	72.6	62.2	81.2	84.2	61.4	69.3	81.1	84.3	57.2	0	68.1	56.9	71.4	65.2	88.7	52.4	2.9	5.7			
21	2019-03-26T09:19:35	0.2464	0.3197	0.1554	0.4536	63.32	-28.44	-14.65	397.26	515.48	699.48	0.2513	0.3284	0.3284	0.1562	0.4591	64.03	-29.43	-11.82	445.18	581.71	744.32	11759	0.035	0.0356	476.85	12.12	150.63	489.7				1.9264	72.6	62.2	81.2	84.2	61.5	69.3	81.1	84.3	57.2	0	68.1	56.9	71.4	65.2	88.7	52.3	2.9	5.7			
22	2019-03-26T09:20:05	0.2461	0.3195	0.1552	0.4534	63.3	-28.46	-14.75	399.69	518.81	705.45	0.2511	0.3282	0.3282	0.156	0.4589	64.01	-29.46	-11.91	447.94	585.56	750.7	11809	0.035	0.0356	476.85	12.21	150.77	489.7				1.9404	72.5	62.1	81.1	84.2	61.4	69.3	81	84.3	57.1	0	68	56.8	71.3	65.1	88.7	52.2	3	5.7			
23	2019-03-26T09:20:35	0.246	0.3193	0.1552	0.4533	63.29	-28.47	-14.8	398.58	517.42	704.27	0.2509	0.3281	0.3281	0.156	0.4588	64	-29.47	-11.96	446.72	584.02	749.49	11818	0.035	0.0357	476.85	12.2	150.46	489.6				1.9366	72.5	62	81.1	84.1	61.3	69.2	81	84.3	57	0	68	56.7	71.3	65	88.6	52.1	3	5.7			
24	2019-03-26T09:21:05	0.2459	0.3191	0.1552	0.4532	63.27	-28.43	-14.87	380.7	494.05	673.49	0.2508	0.3278	0.3278	0.156	0.4587	63.98	-29.43	-12.04	426.7	557.67	716.85	11831	0.035	0.0356	476.85	11.64	150.84	489.6				1.852	72.5	62	81.1	84.1	61.3	69.2	81	84.3	57	0	68	56.7	71.4	65	88.6	52.1	3	5.7			
25	2019-03-26T09:21:35	0.2442	0.3169	0.1547	0.4517	63.09	-28.37	-15.63	363.16	471.3	652.62	0.2491	0.3258	0.3258	0.1554	0.4573	63.82	-29.47	-12.76	407.14	532.62	694.96	12203	0.035	0.0357	476.85	11.25	150.02	489.3				1.7768	72.4	61.7	81	84	61.1	69.1	80.9	84.3	57	0	67.8	56.4	71.3	64.8	88.6	52	3	5.7			
26	2019-03-26T09:22:05	0.2455	0.3189	0.155	0.453	63.25	-28.53	-14.96	408.51	530.69	724.84	0.2504	0.3277	0.3277	0.1557	0.4586	63.97	-29.56	-12.12	457.88	599.18	771.41	11874	0.035	0.0358	476.85	12.54	150.27	489.6				1.9904	72.4	61.8	81	84	61.1	69.1	80.9	84.3	57	0	67.9	56.5	71.3	64.9	88.6	52	3	5.7			
27	2019-03-26T09:22:36	0.2455	0.3186	0.1551	0.4528	63.23	-28.44	-15.05	400.57	519.95	711.41	0.2504	0.3274	0.3274	0.1558	0.4584	63.95	-29.48	-12.2	448.96	587.11	757.23	11927	0.035	0.0357	476.85	12.29	150.5	489.5				1.9525	72.5	62	81.1	84.1	61.3	69.3	81	84.4	57.3	0	68	56.7	71.4	65	88.6	52.3	3	5.7			
28	2019-03-26T09:23:06	0.2454	0.3183	0.1551	0.4526	63.2	-28.35	-15.14	400.67	519.68	712.41	0.2503	0.3271	0.3271	0.1558	0.4582	63.92	-29.41	-12.29	449.04	586.89	758.34	11957	0.035	0.0356	476.85	12.31	150.22	489.5				1.9529	72.6	62.2	81.1	84.1	61.4	69.4	81	84.4	57.4	0	68.1	56.9	71.5	65.1	88.7	52.4	3	5.7			
29	2019-03-26T09:23:36	0.2455	0.3184	0.1551	0.4527	63.21	-28.37	-15.09	402.83	522.55	715.57	0.2504	0.3272	0.3272	0.1558	0.4583	63.94	-29.42	-12.24	451.48	590.08	761.71	11928	0.035	0.0356	476.85	12.36	150.41	489.5				1.9605	72.6	62.1	81.1	84.1	61.4	69.3	81	84.3	57.3	0	68.1	56.8	71.5	65.1	88.7	52.4	3	5.7			
30	2019-03-26T09:24:06	0.2456	0.3187	0.1551	0.4529	63.24	-28.4	-15	402.91	522.79	714.67	0.2505	0.3275	0.3275	0.1559	0.4585	63.96	-29.44	-12.16	451.58	590.28	760.7	11876	0.035	0.0356	476.85	12.36	150.42	489.6				1.9603	72.5	62	81.1	84	61.3	69.3	81	84.3	57.1	0	68.1	56.7	71.5	65.1	88.6	52.2	3	5.7			
31	2019-03-26T09:24:36	0.2455	0.3188	0.155	0.453	63.24	-28.48	-14.99	400.06	519.46	709.81	0.2505	0.3276	0.3276	0.1558	0.4585	63.96	-29.5	-12.14	448.43	586.5	755.51	11879	0.035	0.0357	476.85	12.28	150.56	489.6				1.9485	72.4	61.9	81	84	61.2	69.1	80.9	84.2	56.9	0	68	56.6	71.4	64.9	88.6	52	3	5.7			
32	2019-03-26T09:25:06	0.2455	0.3189	0.155	0.453	63.25	-28.55	-14.97	398.95	518.36	708.03	0.2504	0.3277	0.3277	0.1557	0.4585	63.97	-29.56	-12.12	447.21	585.25	753.6	11879	0.035	0.0358	476.85	12.24	150.64	489.6				1.9445	72.3	61.8	81	84	61.1	69	80.9	84.2	56.9	0	67.8	56.4	71.3	64.8	88.6	51.9	3	5.7			
33	2019-03-26T09:25:36	0.2455	0.3189	0.155	0.453	63.25	-28.53	-14.96	391	507.91	693.63	0.2504	0.3277	0.3277	0.1558	0.4586	63.97	-29.54	-12.12	438.27	573.42	738.31	11874	0.035	0.0358	476.85	11.99	150.76	489.6				1.9077	72.4	61.8	81	84	61.2	69.1	80.9	84.3	57	0	67.9	56.5	71.3	64.8	88.6	52	3	5.7			
34	2019-03-26T09:26:06	0.2457	0.3188	0.1552	0.453	63.24	-28.39	-14.96	377.96	490.36	669.78	0.2506	0.3275	0.3275	0.1559	0.4585	63.96	-29.42	-12.13	423.59	553.6	712.96	11865	0.035	0.0356	476.85	11.56	150.87	489.6				1.8451	72.6	62.1	81.1	84.2	61.4	69.3	81	84.4	57.4	0	68.1	56.8	71.4	65.1	88.7	52.4	2.9	5.7			
35	2019-03-26T09:26:36	0.2459	0.3189	0.1553	0.4531	63.26	-28.35	-14.9	391.78	508.06	693.1	0.2508	0.3277	0.3277	0.156	0.4586	63.97	-29.39	-12.07	439.01	573.56	737.72	11831	0.035	0.0355	476.85	11.98	150.83	489.6				1.9115	72.8	62.3	81.2	84.2	61.6	69.5	81.1	84.5	57.7	0	68.3	57	71.6	65.3	88.7	52.7	2.9	5.7			
36	2019-03-26T09:27:06	0.2469	0.3194	0.1558	0.4535	63.3	-28.13	-14.67	392.24	507.54	689.05	0.2517	0.3281	0.3281	0.1565	0.459	64.01	-29.15	-11.85	439.4	572.71	733.37	11713	0.034	0.0352	476.85	11.91	151.17	489.6				1.9057	73.1	62.9	81.5	84.4	62.1	69.9	81.3	84.6	58.1	0	68.7	57.6	71.8	65.8	88.9	53.2	2.9	5.7			
37	2019-03-26T09:27:36	0.2471	0.3193	0.1559	0.4535	63.29	-28	-14.68	380.03	491.12	666.94	0.2519	0.3279	0.3279	0.1567	0.4589	63.99	-29.02	-11.87	425.69	554.15	709.93	11711	0.034	0.035	476.85	11.51	151.62	489.6				1.8442	73.2	63	81.6	84.5	62.3	70	81.4	84.7	58.2	0	68.9	57.9	72	66	88.9	53.4	2.9	5.7			
38	2019-03-26T09:28:08	0.2342	0.3011	0.1524	0.441	61.75	-26.94	-20.86	166.5	214.09	330.39	0.2384	0.3111	0.3111	0.1524	0.4475	62.6	-28.75	-17.81	186.92	243.9	353.25	15379	0.034	0.0352	476.85	5.53	147.15	487.4				0.8419	72.3	61.2	80.6	83.3	60.7	69.1	80.7	84.5	57.8	0	67.3	55.7	72.1	64.1	88.2	52.1	3.3	5.9			
39	2019-03-26T09:28:36	0.2466	0.3199	0.1555	0.4537	63.33	-28.39	-14.58	404.56	524.68	711.04	0.2516	0.3285	0.3285	0.1563	0.4591	64.04	-29.34	-11.78	453.39	591.93	756.8	11713	0.035	0.0355	476.85	12.27	151.76	489.7				1.9617	72.7	62.2	81.2	84.3	61.6	69.3	81.1	84.4	57.3	0	68.1	57	71.4	65.2	88.8	52.4	2.9	5.7			
40	2019-03-26T09:29:06	0.2464	0.3199	0.1553	0.4537	63.33	-28.51	-14.62	399.91	519.25	704.14	0.2513	0.3285	0.3285	0.1561	0.4591	64.04	-29.45	-11.81	448.25	585.84	749.49	11741	0.035	0.0357	476.85	12.15	151.78	489.7				1.9417	72.5	62	81	84.3	61.4	69.2	80.9	84.4	57.1	0	67.8	56.8	71.2	65	88.7	52.1	2.9	5.7			
41	2019-03-26T09:29:36	0.2469	0.3204	0.1555	0.454	63.37	-28.45	-14.43	392.49	509.26	687.89	0.2519	0.3289	0.3289	0.1564	0.4594	64.07	-29.37	-11.63	439.86	574.4	732.14	11636	0.035	0.0356	476.85	11.88	151.97	489.8				1.9036	72.7	62.2	81.1	84.4	61.6	69.3	81	84.5	57.3	0	68	57	71.4	65.2	88.8	52.4	2.9	5.7			
42	2019-03-26T09:30:06	0.2475	0.3205	0.1559	0.4542	63.39	-28.26	-14.32	401.86	520.45	701.47	0.2524	0.3291	0.3291	0.1567	0.4596	64.08	-29.2	-11.53	450.23	586.91	746.49	11551	0.034	0.0353	476.85	12.13	151.88	489.8				1.9429	72.9	62.6	81.4	84.4	61.8	69.6	81.3	84.5	57.5	0	68.5	57.4	71.6	65.6	88.8	52.8	2.9	5.7			
43	2019-03-26T09:30:36	0.2474	0.3209	0.1557	0.4544	63.42	-28.42	-14.23	393.54	510.38	686.58	0.2524	0.3294	0.3294	0.1566	0.4598	64.11	-29.31	-11.44	441.01	575.47	730.68	11533	0.034	0.0355	476.85	11.88	152.38	489.8				1.9022	72.7	62.2	81.2	84.3	61.6	69.3	81.1	84.4	57.1	0	68.2	57	71.4	65.3	88.8	52.4	2.9	5.7			
44	2019-03-26T09:31:06	0.2472	0.3208	0.1556	0.4543	63.41	-28.47	-14.27	390.04	506.13	681.49	0.2522	0.3293	0.3293	0.1565	0.4597	64.1	-29.36	-11.49	437.13	570.71	725.31	11580	0.035	0.0356	476.85	11.77	152.42	489.8				1.888	72.6	62.1	81.1	84.4	61.5	69.3	81	84.4	57.1	0	68	57	71.3	65.2	88.8	52.3	2.9	5.7			
45	2019-03-26T09:31:38	0.2381	0.3073	0.1533	0.4453	62.28	-27.51	-18.82	183.28	236.56	349.97	0.2425	0.3168	0.3168	0.1536	0.4514	63.07	-29.02	-15.87	205.67	268.6	373.71	13901	0.034	0.0354	476.85	5.91	148.86	488.1				0.9145	72.4	61.4	80.8	83.7	60.9	69.1	80.8	84.5	57.6	0	67.4	56	71.8	64.4	88.4	52.1	3.1	5.8			
46	2019-03-26T09:32:09	0.2293	0.2939	0.1512	0.4359	61.12	-26.38	-23.28	105.07	134.64	218.46	0.2333	0.3044	0.3044	0.1508	0.4428	62.03	-28.55	-20.12	118.03	154.02	233.95	17738	0.034	0.0353	476.85	3.61	145.22	486.7				0.5398	72	60.7	80.3	82.9	60.2	68.9	80.5	84.6	57.9	0	66.6	55	72.2	63.4	88	51.8	3.4	6			
47	2019-03-26T09:32:40	0.2307	0.2958	0.1516	0.4373	61.29	-26.5	-22.63	106.49	136.55	218.59	0.2347	0.3062	0.3062	0.1513	0.4441	62.18	-28.58	-19.5	119.6	156.03	233.99	16994	0.034	0.0352	476.85	3.62	145.63	486.9				0.5447	72.1	60.9	80.4	83	60.4	69	80.6	84.6	58	0	66.9	55.2	72.2	63.7	88	52	3.4	6			
48	2019-03-26T09:33:10	0.2318	0.2977	0.1517	0.4386	61.46	-26.75	-22	110.14	141.49	223.58	0.2359	0.308	0.308	0.1516	0.4453	62.34	-28.73	-18.9	123.68	161.5	239.22	16439	0.034	0.0353	476.85	3.72	146.03	487.1				0.561	72.1	60.9	80.4	83.2	60.5	69	80.6	84.6	57.9	0	66.9	55.3	72.1	63.7	88.1	52	3.3	6			
49	2019-03-26T09:33:39	0.2409	0.308	0.1551	0.4461	62.34	-26.56	-18.31	173.28	221.55	324.42	0.2452	0.3173	0.3173	0.1553	0.4521	63.12	-28.09	-15.41	194.18	251.3	346.43	13436	0.033	0.034	476.85	5.48	149.78	488.1				0.8602	73.8	63.7	81.9	84.3	62.9	70.8	81.9	85.1	59.7	0	69.5	58.4	73.2	66.4	88.9	54.6	3	5.8			
50	2019-03-26T09:34:07	0.2543	0.3228	0.1598	0.4565	63.58	-26.22	-12.91	406.62	516.15	676.01	0.259	0.3309	0.3309	0.1605	0.4615	64.23	-27.12	-10.27	454.38	580.52	719.61	10770	0.032	0.0323	476.85	11.68	157.75	490				1.9448	75.7	66.9	83.6	85.7	65.7	72.9	83.5	85.6	61.5	0	72.5	62.1	74.3	69.7	89.8	57.6	2.6	5.6			
51	2019-03-26T09:34:38	0.2461	0.3137	0.157	0.4501	62.82	-26.4	-16.25	237.66	302.94	425.08	0.2505	0.3225	0.3225	0.1573	0.4557	63.55	-27.69	-13.44	266.03	342.48	453.39	12203	0.032	0.0332	476.85	7.25	152.11	488.8				1.1624	74.5	65	82.7	84.7	64	71.7	82.6	85.2	60.3	0	70.9	59.9	73.8	67.8	89.2	55.8	2.8	5.7			
52	2019-03-26T09:35:07	0.2531	0.3224	0.1591	0.456	63.54	-26.59	-13.17	370.41	471.92	621.39	0.2578	0.3305	0.3305	0.1598	0.4611	64.2	-27.5	-10.51	414.12	531.02	661.5	10902	0.032	0.0328	476.85	10.73	156.37	490				1.7775	75.2	66.2	83.2	85.5	65.1	72.3	83.1	85.5	61	0	71.8	61.3	73.8	68.9	89.7	56.8	2.6	5.6			
53	2019-03-26T09:35:37	0.2526	0.3234	0.1584	0.4565	63.62	-27.16	-12.97	359.38	460.21	603.34	0.2574	0.3315	0.3315	0.1593	0.4616	64.28	-28	-10.3	401.94	517.71	642.07	10890	0.033	0.0335	476.85	10.4	156.02	490.1				1.7278	74.8	65.4	82.7	85.6	64.6	71.7	82.5	85.5	60.6	0	70.8	60.5	73.1	68.1	89.7	56.1	2.6	5.6			
54	2019-03-26T09:36:07	0.248	0.3189	0.1567	0.4533	63.25	-27.45	-14.69	282.43	363.13	493.28	0.2527	0.3274	0.3274	0.1574	0.4587	63.95	-28.49	-11.93	316.18	409.6	525.39	11621	0.033	0.0343	476.85	8.44	152.78	489.5				1.3755	74.1	64.2	82	85.1	63.5	70.9	81.8	85.3	60	0	69.7	59.1	72.6	66.9	89.3	55	2.8	5.7			
55	2019-03-26T09:36:39	0.2369	0.3051	0.1531	0.4438	62.09	-27.23	-19.52	137.29	176.82	265.4	0.2412	0.3148	0.3148	0.1533	0.4501	62.91	-28.88	-16.52	154.04	201.02	283.47	14376	0.034	0.0352	476.85	4.47	147.68	487.9				0.6888	72.6	61.8	80.9	83.6	61.2	69.4	80.9	84.7	58.2	0	67.7	56.3	72.1	64.6	88.4	52.6	3.2	5.9			
56	2019-03-26T09:37:09	0.2411	0.3101	0.1546	0.4473	62.52	-27.23	-17.75	178.32	229.34	331.92	0.2456	0.3194	0.3194	0.1549	0.4533	63.29	-28.66	-14.84	199.88	259.95	354.17	13201	0.034	0.0347	476.85	5.63	149.56	488.4				0.8847	73.3	62.9	81.4	84.2	62.2	70.2	81.4	84.9	59	0	68.7	57.6	72.4	65.7	88.8	53.7	3	5.8			
57	2019-03-26T09:37:39	0.2377	0.306	0.1534	0.4444	62.17	-27.22	-19.21	150.93	194.34	289.83	0.242	0.3156	0.3156	0.1536	0.4506	62.98	-28.83	-16.23	169.32	220.8	309.54	14097	0.034	0.0351	476.85	4.88	148.18	488				0.7563	72.7	61.9	81	83.7	61.3	69.5	81	84.7	58.3	0	67.9	56.5	72.2	64.7	88.4	52.8	3.1	5.9			
58	2019-03-26T09:38:10	0.2361	0.3036	0.153	0.4428	61.96	-27.04	-20.01	121.2	155.87	236.34	0.2403	0.3134	0.3134	0.1531	0.4491	62.79	-28.75	-16.99	136	177.33	252.55	14690	0.034	0.0351	476.85	3.97	147.51	487.7				0.6087	72.6	61.7	80.9	83.6	61.2	69.5	80.9	84.7	58.2	0	67.7	56.2	72.2	64.5	88.3	52.6	3.2	6			
59	2019-03-26T09:38:39	0.2379	0.3047	0.154	0.4437	62.05	-26.64	-19.53	143.18	183.39	275.38	0.2421	0.3142	0.3142	0.154	0.4499	62.86	-28.31	-16.57	160.58	208.44	294.28	14256	0.033	0.0344	476.85	4.63	148.78	487.8				0.7175	73.2	62.7	81.4	83.8	62	70.1	81.5	84.8	58.9	0	68.7	57.3	72.8	65.5	88.6	53.6	3.1	5.8			
60	2019-03-26T09:39:08	0.2442	0.3113	0.1563	0.4484	62.61	-26.34	-17.11	213.72	272.46	389.18	0.2485	0.3203	0.3203	0.1566	0.4542	63.36	-27.74	-14.27	239.32	308.43	415.3	12660	0.032	0.0334	476.85	6.62	151.21	488.5				1.0526	74.4	64.7	82.5	84.5	63.7	71.5	82.5	85.2	60.3	0	70.6	59.5	73.7	67.5	89.1	55.6	2.9	5.7			
61	2019-03-26T09:39:37	0.2461	0.3139	0.1569	0.4502	62.84	-26.48	-16.2	254.41	324.51	454.88	0.2505	0.3227	0.3227	0.1573	0.4559	63.57	-27.77	-13.39	284.77	366.86	485.12	12203	0.032	0.0333	476.85	7.76	151.99	488.8				1.2465	74.6	65.1	82.6	84.8	64.1	71.7	82.6	85.3	60.5	0	70.9	59.9	73.7	67.8	89.2	55.9	2.8	5.7			
62	2019-03-26T09:40:08	0.2448	0.3133	0.1561	0.4497	62.79	-26.83	-16.5	261.44	334.66	471.99	0.2492	0.3222	0.3222	0.1565	0.4554	63.53	-28.13	-13.67	292.78	378.54	503.38	12422	0.033	0.0339	476.85	8.04	151.46	488.8				1.2871	74.1	64.3	82.2	84.6	63.5	71.1	82.1	85.2	60	0	70.1	59.1	73.2	67	89.1	55.2	2.9	5.7			
63	2019-03-26T09:40:37	0.2495	0.3204	0.1572	0.4544	63.38	-27.4	-14.11	431.87	554.76	744.61	0.2542	0.3289	0.3289	0.1579	0.4598	64.07	-28.4	-11.35	483.29	625.31	792.6	11366	0.033	0.0341	476.85	12.86	152.82	489.7				2.0989	74.3	64.6	82.3	85	63.7	71.2	82.1	85.2	60	0	70.3	59.5	72.9	67.4	89.3	55.3	2.7	5.6			
64	2019-03-26T09:41:07	0.2476	0.3192	0.1563	0.4535	63.28	-27.77	-14.64	407.28	525.2	712.7	0.2523	0.3279	0.3279	0.157	0.4589	63.99	-28.82	-11.84	456.04	592.57	758.71	11640	0.034	0.0347	476.85	12.3	151.55	489.6				1.9882	73.7	63.7	81.8	84.6	62.9	70.5	81.7	84.9	59.1	0	69.4	58.5	72.4	66.5	89	54.3	2.8	5.7			
65	2019-03-26T09:41:37	0.2454	0.3174	0.1554	0.4521	63.13	-28.03	-15.36	365.06	472.17	650.33	0.2502	0.3262	0.3262	0.156	0.4577	63.85	-29.15	-12.52	409.03	533.37	692.57	12013	0.034	0.0352	476.85	11.2	150.81	489.4				1.79	73.1	62.8	81.4	84.3	62.1	69.9	81.3	84.7	58.3	0	68.6	57.5	71.9	65.7	88.8	53.3	2.9	5.7			
66	2019-03-26T09:42:07	0.2461	0.3189	0.1554	0.4531	63.25	-28.28	-14.9	375.91	487.17	664.62	0.2509	0.3276	0.3276	0.1561	0.4586	63.97	-29.31	-12.08	421.24	549.93	707.56	11829	0.034	0.0354	476.85	11.47	151.23	489.6				1.8349	72.9	62.4	81.3	84.3	61.8	69.6	81.1	84.6	57.8	0	68.3	57.2	71.7	65.4	88.8	52.8	2.9	5.7			
67	2019-03-26T09:42:37	0.2451	0.3176	0.1551	0.4522	63.15	-28.25	-15.35	348.71	451.97	622.33	0.2499	0.3264	0.3264	0.1558	0.4578	63.87	-29.32	-12.52	390.86	510.52	662.77	12054	0.034	0.0355	476.85	10.72	151.09	489.4				1.7052	72.7	62.2	81.1	84.3	61.6	69.4	81	84.5	57.7	0	68.1	57	71.6	65.2	88.7	52.6	3	5.7			
68	2019-03-26T09:43:08	0.2411	0.3117	0.1541	0.4483	62.65	-27.82	-17.33	223.3	288.7	414.1	0.2457	0.3209	0.3209	0.1546	0.4542	63.42	-29.15	-14.42	250.44	327.07	441.68	13006	0.034	0.0354	476.85	7.06	149.49	488.7				1.1061	72.6	61.9	81	83.9	61.3	69.4	80.9	84.5	57.7	0	67.9	56.6	71.8	64.8	88.5	52.5	3	5.8			
69	2019-03-26T09:43:39	0.2404	0.3105	0.154	0.4474	62.55	-27.66	-17.73	210.6	271.96	393.41	0.245	0.3198	0.3198	0.1544	0.4534	63.32	-29.06	-14.81	236.19	308.31	419.69	13237	0.034	0.0353	476.85	6.68	149.39	488.5				1.0455	72.7	62	81	83.9	61.4	69.5	81	84.6	58	0	68	56.6	72	64.9	88.5	52.6	3.1	5.8			
70	2019-03-26T09:44:09	0.2372	0.3057	0.1532	0.4442	62.15	-27.32	-19.32	154.68	199.36	298.03	0.2416	0.3154	0.3154	0.1534	0.4504	62.96	-28.93	-16.33	173.55	226.57	318.3	14232	0.034	0.0353	476.85	5.03	148.07	488				0.7765	72.5	61.7	80.8	83.6	61.1	69.4	80.9	84.6	58.1	0	67.7	56.2	72	64.5	88.4	52.5	3.1	5.8			
71	2019-03-26T09:44:37	0.2437	0.3148	0.1549	0.4504	62.91	-27.84	-16.24	304.22	393.05	551.31	0.2483	0.3238	0.3238	0.1555	0.4561	63.66	-29.07	-13.37	340.94	444.58	587.45	12428	0.034	0.0352	476.85	9.46	149.95	489				1.4965	73	62.6	81.3	84.1	61.9	69.8	81.2	84.7	58.3	0	68.5	57.3	72	65.5	88.7	53.2	3	5.7			
72	2019-03-26T09:45:07	0.2447	0.3169	0.155	0.4517	63.08	-28.13	-15.59	339.82	440.03	608.9	0.2495	0.3258	0.3258	0.1557	0.4574	63.82	-29.28	-12.73	380.81	497.27	648.42	12117	0.034	0.0354	476.85	10.48	150.28	489.3				1.6664	72.9	62.5	81.3	84.1	61.7	69.6	81.1	84.5	58	0	68.4	57.1	71.8	65.4	88.7	53	2.9	5.7			
73	2019-03-26T09:45:37	0.2458	0.3184	0.1553	0.4528	63.21	-28.24	-15.06	370.53	480.06	656.98	0.2506	0.3272	0.3272	0.156	0.4583	63.93	-29.3	-12.22	415.19	542.04	699.42	11879	0.034	0.0354	476.85	11.33	150.85	489.5				1.811	72.9	62.5	81.3	84.3	61.8	69.6	81.1	84.6	58	0	68.4	57.2	71.7	65.4	88.8	52.9	2.9	5.7			
74	2019-03-26T09:46:07	0.2446	0.3172	0.1549	0.4519	63.11	-28.31	-15.51	352.69	457.43	631.86	0.2494	0.3261	0.3261	0.1555	0.4575	63.84	-29.42	-12.65	395.32	516.85	672.83	12097	0.035	0.0356	476.85	10.88	150.43	489.4				1.7298	72.6	62.1	81.1	84.1	61.4	69.3	80.9	84.5	57.6	0	68.1	56.8	71.5	65	88.6	52.5	3	5.7			
75	2019-03-26T09:46:37	0.2464	0.3201	0.1552	0.4538	63.35	-28.57	-14.56	392.29	509.64	690.21	0.2514	0.3288	0.3288	0.1561	0.4593	64.06	-29.54	-11.73	439.63	575.02	734.43	11724	0.035	0.0357	476.85	11.95	151.05	489.7				1.9102	72.6	62.1	81.1	84.3	61.4	69.2	80.9	84.4	57.3	0	67.9	56.8	71.2	65.1	88.7	52.3	2.9	5.7			
76	2019-03-26T09:47:08	0.243	0.3152	0.1544	0.4505	62.94	-28.24	-16.22	279.76	362.82	508.55	0.2478	0.3242	0.3242	0.155	0.4563	63.69	-29.42	-13.34	313.69	410.36	541.83	12428	0.035	0.0357	476.85	8.72	150.11	489.1				1.3762	72.4	61.7	80.9	83.9	61.1	69.1	80.8	84.4	57.2	0	67.8	56.3	71.5	64.7	88.5	52	3	5.7			
77	2019-03-26T09:47:37	0.2457	0.3188	0.1551	0.453	63.25	-28.42	-14.97	375.39	487.16	665.45	0.2506	0.3276	0.3276	0.1559	0.4585	63.96	-29.45	-12.13	420.73	549.99	708.28	11874	0.035	0.0356	476.85	11.49	150.72	489.6				1.8288	72.6	62.1	81.1	84.1	61.4	69.3	81	84.4	57.3	0	68.1	56.8	71.4	65.1	88.7	52.3	3	5.7			
78	2019-03-26T09:48:07	0.2463	0.3197	0.1553	0.4535	63.32	-28.46	-14.67	399.16	518.05	703.34	0.2512	0.3284	0.3284	0.1561	0.4591	64.03	-29.45	-11.84	447.31	584.64	748.44	11759	0.035	0.0356	476.85	12.18	150.9	489.7				1.9397	72.7	62.2	81.2	84.2	61.5	69.4	81	84.4	57.4	0	68.1	57	71.4	65.2	88.7	52.4	2.9	5.7			
79	2019-03-26T09:48:37	0.246	0.3192	0.1552	0.4532	63.28	-28.42	-14.83	395.18	512.77	698.46	0.2509	0.328	0.328	0.156	0.4588	63.99	-29.44	-11.99	442.84	578.82	743.29	11818	0.035	0.0356	476.85	12.08	150.64	489.6				1.9231	72.7	62.3	81.2	84.2	61.6	69.4	81	84.4	57.5	0	68.2	57	71.5	65.2	88.7	52.6	2.9	5.7			
80	2019-03-26T09:49:07	0.245	0.3177	0.155	0.4523	63.15	-28.31	-15.33	373.36	484.14	666.23	0.2499	0.3266	0.3266	0.1557	0.4579	63.88	-29.4	-12.47	418.43	546.9	709.28	12018	0.035	0.0356	476.85	11.49	150.19	489.4				1.8244	72.7	62.2	81.2	84.1	61.5	69.4	81	84.4	57.6	0	68.2	56.9	71.6	65.2	88.7	52.6	3	5.7			
81	2019-03-26T09:49:37	0.2454	0.3187	0.155	0.4529	63.24	-28.49	-15.03	392.66	509.9	697.37	0.2503	0.3275	0.3275	0.1557	0.4584	63.96	-29.53	-12.18	440.07	575.77	742.21	11927	0.035	0.0357	476.85	12.05	150.21	489.6				1.917	72.6	62.1	81.1	84.2	61.4	69.3	80.9	84.4	57.5	0	68	56.8	71.3	65.1	88.7	52.4	3	5.7			
82	2019-03-26T09:50:08	0.2452	0.3186	0.1548	0.4528	63.23	-28.56	-15.09	388.61	505.01	691.51	0.2501	0.3274	0.3274	0.1556	0.4584	63.95	-29.6	-12.23	435.58	570.29	736	11957	0.035	0.0358	476.85	11.94	150.43	489.6				1.8992	72.5	61.9	81	84.1	61.2	69.1	80.8	84.4	57.3	0	67.8	56.5	71.2	64.8	88.6	52.2	3	5.7			
83	2019-03-26T09:50:38	0.245	0.3187	0.1547	0.4528	63.24	-28.69	-15.08	393.57	512.08	701.05	0.2499	0.3275	0.3275	0.1554	0.4584	63.96	-29.72	-12.22	441.22	578.27	746.11	11963	0.035	0.036	476.85	12.12	150.25	489.6				1.9244	72.3	61.6	80.8	84	60.9	68.9	80.7	84.3	56.9	0	67.6	56.2	71.1	64.6	88.6	51.8	3	5.7			
84	2019-03-26T09:51:08	0.2449	0.3187	0.1546	0.4528	63.24	-28.72	-15.08	392.35	510.63	699.04	0.2499	0.3275	0.3275	0.1554	0.4584	63.96	-29.74	-12.22	439.88	576.65	743.98	11963	0.035	0.0361	476.85	12.09	150.23	489.6				1.917	72.2	61.5	80.8	83.9	60.8	68.8	80.7	84.2	56.7	0	67.5	56.1	71	64.5	88.5	51.6	3	5.7			
85	2019-03-26T09:51:38	0.2428	0.3156	0.1541	0.4508	62.98	-28.52	-16.13	337.98	439.44	614.8	0.2476	0.3247	0.3247	0.1547	0.4565	63.73	-29.68	-13.23	379.05	497.04	654.82	12428	0.035	0.036	476.85	10.58	149.64	489.2				1.6611	72	61.2	80.7	83.7	60.6	68.7	80.6	84.1	56.6	0	67.4	55.8	71.2	64.3	88.4	51.4	3.1	5.7			
86	2019-03-26T09:52:12	0.2298	0.2938	0.1515	0.4359	61.11	-26.12	-23.25	87.05	111.28	180.49	0.2337	0.3041	0.3041	0.1512	0.4427	62.01	-28.24	-20.14	97.8	127.25	193.39	17666	0.033	0.0349	476.85	2.97	146.08	486.7				0.4477	72.2	60.9	80.4	83.2	60.5	69.1	80.6	84.7	58.1	0	66.8	55.3	72.3	63.7	88.1	52.1	3.4	6		KZ	
87	2019-03-26T09:52:43	0.2283	0.2907	0.1514	0.4337	60.84	-25.6	-24.22	73.62	93.72	155.08	0.2321	0.3012	0.3012	0.151	0.4408	61.75	-27.86	-21.07	82.72	107.33	166.32	19051	0.033	0.0346	476.85	2.54	145.81	486.3				0.3803	72.5	61.3	80.5	83.5	60.9	69.5	80.8	85	58.8	0	66.8	55.8	72.5	63.9	88.3	52.6	3.4	6.1		KY	
88	2019-03-26T09:53:13	0.2283	0.2909	0.1513	0.4339	60.86	-25.72	-24.15	74	94.31	155.84	0.2321	0.3014	0.3014	0.1509	0.4409	61.78	-27.97	-21.01	83.16	107.99	167.12	19051	0.033	0.0347	476.85	2.55	145.7	486.4				0.3824	72.4	61.1	80.4	83.5	60.8	69.3	80.7	85	58.6	0	66.6	55.6	72.4	63.8	88.3	52.4	3.5	6		KY	
89	2019-03-26T09:53:43	0.2293	0.2927	0.1515	0.4352	61.02	-25.97	-23.58	78.5	100.22	163.67	0.2331	0.3031	0.3031	0.1511	0.4421	61.92	-28.14	-20.46	88.19	114.66	175.42	17884	0.033	0.0348	476.85	2.69	145.97	486.6				0.4038	72.2	60.9	80.5	83.1	60.5	69.1	80.7	84.7	58.2	0	66.9	55.3	72.5	63.7	88	52.1	3.4	6		KZ	
90	2019-03-26T09:54:12	0.2306	0.2962	0.1514	0.4375	61.33	-26.69	-22.53	99.98	128.43	205.16	0.2347	0.3065	0.3065	0.1512	0.4443	62.21	-28.71	-19.42	112.33	146.71	219.64	16772	0.034	0.0354	476.85	3.4	146.04	487				0.5123	71.8	60.4	80.2	82.9	60	68.7	80.4	84.4	57.4	0	66.6	54.7	72.1	63.3	87.9	51.4	3.4	6			
91	2019-03-26T09:54:40	0.2338	0.3018	0.1519	0.4414	61.81	-27.38	-20.72	145.88	188.35	289.8	0.2381	0.3118	0.3118	0.152	0.4479	62.66	-29.15	-17.67	163.83	214.55	309.79	15268	0.034	0.0358	476.85	4.86	146.93	487.6				0.7398	71.8	60.5	80.3	83.1	60.1	68.6	80.3	84.3	57.1	0	66.6	54.9	71.7	63.4	88	51.3	3.3	5.9			
92	2019-03-26T09:55:11	0.2308	0.2965	0.1515	0.4377	61.35	-26.69	-22.44	107.97	138.68	221.12	0.2349	0.3067	0.3067	0.1513	0.4445	62.23	-28.7	-19.33	121.29	158.4	236.7	16723	0.034	0.0354	476.85	3.67	146.12	487				0.5529	71.9	60.5	80.3	82.9	60.1	68.8	80.4	84.5	57.6	0	66.7	54.9	72.1	63.4	87.9	51.6	3.4	6			
93	2019-03-26T09:55:38	0.2431	0.3167	0.154	0.4514	63.07	-28.78	-15.81	405.38	528.18	734.05	0.248	0.3257	0.3257	0.1547	0.4571	63.81	-29.89	-12.91	454.66	597.19	781.59	12335	0.035	0.0363	476.85	12.65	149.74	489.3				1.9922	71.9	61.1	80.6	83.7	60.5	68.6	80.5	84.1	56.5	0	67.1	55.7	70.9	64.1	88.4	51.2	3.1	5.7			
94	2019-03-26T09:56:08	0.2429	0.3161	0.154	0.4511	63.02	-28.65	-15.98	395.56	514.86	718.15	0.2478	0.3252	0.3252	0.1547	0.4568	63.77	-29.79	-13.09	443.64	582.24	764.8	12415	0.035	0.0362	476.85	12.35	149.59	489.3				1.9441	72	61.2	80.6	83.8	60.6	68.7	80.5	84.2	56.6	0	67.2	55.8	71	64.2	88.4	51.4	3.1	5.7			
95	2019-03-26T09:56:38	0.2423	0.3157	0.1538	0.4507	62.98	-28.72	-16.17	403.99	526.25	736.79	0.2472	0.3247	0.3247	0.1544	0.4565	63.73	-29.88	-13.26	453.16	595.32	784.7	12531	0.035	0.0363	476.85	12.67	149.37	489.2				1.9884	71.9	61	80.5	83.7	60.4	68.6	80.4	84.2	56.5	0	67	55.6	70.9	64	88.4	51.2	3.1	5.7			
96	2019-03-26T09:57:08	0.2423	0.3157	0.1537	0.4507	62.98	-28.74	-16.18	406.48	529.62	741.77	0.2471	0.3247	0.3247	0.1544	0.4565	63.73	-29.9	-13.27	455.98	599.15	790	12549	0.035	0.0363	476.85	12.76	149.31	489.2				2.0001	71.9	60.9	80.5	83.7	60.4	68.5	80.4	84.2	56.5	0	66.9	55.6	70.8	63.9	88.4	51.2	3.1	5.7			
97	2019-03-26T09:57:38	0.242	0.3153	0.1537	0.4505	62.96	-28.73	-16.29	412.21	537.05	753.77	0.2469	0.3244	0.3244	0.1543	0.4563	63.71	-29.9	-13.37	462.41	607.65	802.84	12585	0.035	0.0363	476.85	12.95	149.4	489.2				2.0304	71.8	60.9	80.5	83.7	60.3	68.5	80.4	84.1	56.4	0	66.9	55.5	70.9	63.9	88.3	51.1	3.1	5.7			
98	2019-03-26T09:58:08	0.2405	0.3133	0.1532	0.4491	62.78	-28.65	-17	383.15	499.12	710.93	0.2453	0.3225	0.3225	0.1538	0.455	63.55	-29.91	-14.06	429.94	565.35	757.59	12958	0.035	0.0364	476.85	12.18	148.74	488.9				1.8956	71.7	60.6	80.3	83.5	60.1	68.3	80.3	84.1	56.3	0	66.7	55.1	70.8	63.6	88.2	50.9	3.1	5.8			
99	2019-03-26T09:58:39	0.2345	0.3035	0.1519	0.4425	61.96	-27.72	-20.2	210.71	272.8	415.22	0.2388	0.3134	0.3134	0.1521	0.4489	62.79	-29.4	-17.16	236.65	310.51	443.64	14943	0.035	0.0361	476.85	6.99	147.2	487.8				1.0655	71.6	60.2	80.1	83.1	59.8	68.3	80.2	84.2	56.6	0	66.3	54.6	71.3	63.1	88	50.8	3.3	5.9			
100	2019-03-26T09:59:11	0.2276	0.2916	0.1507	0.4342	60.92	-26.26	-24.07	116.87	149.7	246.89	0.2315	0.3021	0.3021	0.1503	0.4412	61.83	-28.47	-20.9	131.39	171.43	264.66	19051	0.034	0.0354	476.85	4.05	145.46	486.5				0.6062	71.8	60.1	79.9	83.2	59.9	68.6	80.2	84.7	57.6	0	65.7	54.5	71.8	62.9	88.1	51.2	3.5	6			
101	2019-03-26T09:59:41	0.2279	0.2923	0.1507	0.4347	60.99	-26.4	-23.83	124.37	159.49	261.75	0.2319	0.3028	0.3028	0.1503	0.4417	61.9	-28.58	-20.67	139.81	182.58	280.51	18518	0.034	0.0355	476.85	4.31	145.46	486.6				0.6446	71.6	59.9	79.9	82.9	59.7	68.4	80.2	84.5	57.3	0	65.8	54.3	71.8	62.8	87.9	51	3.5	6			
102	2019-03-26T10:00:08	0.2392	0.3116	0.1528	0.4479	62.64	-28.62	-17.59	371.72	484.31	698.26	0.2439	0.321	0.321	0.1533	0.4539	63.42	-29.95	-14.62	417.24	549.1	744.42	13268	0.035	0.0365	476.85	11.93	148.36	488.7				1.8491	71.5	60.3	80.2	83.3	59.8	68.1	80.1	84	56.1	0	66.5	54.7	70.8	63.3	88.1	50.6	3.2	5.8			
103	2019-03-26T10:00:38	0.2403	0.3134	0.153	0.4491	62.79	-28.8	-16.99	410.3	535.23	762.21	0.2451	0.3227	0.3227	0.1536	0.455	63.56	-30.05	-14.04	460.47	606.28	812.14	12972	0.035	0.0366	476.85	13.07	148.42	488.9				2.0307	71.5	60.3	80.2	83.4	59.8	68.1	80.1	84	56	0	66.4	54.8	70.7	63.4	88.2	50.5	3.1	5.8			
104	2019-03-26T10:01:08	0.24	0.3127	0.1531	0.4487	62.74	-28.65	-17.2	395.91	515.83	737.8	0.2448	0.322	0.322	0.1536	0.4546	63.51	-29.93	-14.25	444.32	584.47	786.35	13044	0.035	0.0365	476.85	12.63	148.61	488.8				1.9638	71.6	60.4	80.3	83.4	59.9	68.2	80.2	84	56.2	0	66.6	54.9	70.8	63.5	88.2	50.7	3.1	5.7			
105	2019-03-26T10:01:38	0.2396	0.3122	0.1529	0.4483	62.69	-28.66	-17.39	396.02	516.1	741.01	0.2443	0.3215	0.3215	0.1534	0.4543	63.47	-29.96	-14.42	444.48	584.96	789.84	13201	0.035	0.0365	476.85	12.67	148.41	488.8				1.965	71.5	60.3	80.2	83.4	59.9	68.2	80.2	84	56.2	0	66.4	54.9	70.7	63.4	88.2	50.6	3.2	5.8			
106	2019-03-26T10:02:08	0.2402	0.3134	0.153	0.4491	62.79	-28.78	-17.01	418.3	545.6	777.23	0.2451	0.3226	0.3226	0.1536	0.455	63.56	-30.04	-14.06	469.44	618.06	828.18	12975	0.035	0.0366	476.85	13.34	148.53	488.9				2.0724	71.5	60.3	80.2	83.4	59.8	68.1	80.1	84	56.1	0	66.5	54.9	70.7	63.4	88.2	50.6	3.1	5.7			
107	2019-03-26T10:02:38	0.2402	0.3134	0.153	0.4491	62.79	-28.79	-17	417.15	544.15	775.09	0.245	0.3227	0.3227	0.1536	0.455	63.56	-30.05	-14.05	468.15	616.41	825.89	12975	0.035	0.0366	476.85	13.29	148.57	488.9				2.0672	71.5	60.3	80.2	83.4	59.8	68.1	80.1	84	56.1	0	66.5	54.9	70.7	63.4	88.2	50.6	3.1	5.7			
108	2019-03-26T10:03:08	0.2402	0.3134	0.153	0.4491	62.79	-28.8	-16.99	417.75	544.99	776.16	0.245	0.3227	0.3227	0.1536	0.4551	63.56	-30.07	-14.04	468.82	617.37	826.97	12975	0.035	0.0366	476.85	13.31	148.51	488.9				2.0705	71.5	60.3	80.2	83.4	59.8	68.1	80.1	84	56.1	0	66.5	54.9	70.7	63.4	88.1	50.6	3.1	5.7			
109	2019-03-26T10:03:38	0.24	0.3131	0.1529	0.4489	62.77	-28.79	-17.1	414.86	541.17	772.37	0.2448	0.3224	0.3224	0.1535	0.4549	63.54	-30.06	-14.14	465.58	613.14	823.01	13010	0.035	0.0366	476.85	13.23	148.47	488.9				2.0573	71.5	60.3	80.2	83.3	59.8	68.1	80.1	84	56.1	0	66.5	54.8	70.7	63.3	88.1	50.6	3.1	5.7			
110	2019-03-26T10:04:08	0.2389	0.3112	0.1528	0.4476	62.61	-28.57	-17.73	367.19	478.24	691.53	0.2436	0.3206	0.3206	0.1532	0.4537	63.39	-29.92	-14.76	412.15	542.33	737.32	13354	0.035	0.0365	476.85	11.81	148.28	488.7				1.8281	71.5	60.3	80.2	83.3	59.8	68.2	80.2	84	56.2	0	66.5	54.8	70.8	63.3	88.1	50.6	3.2	5.8			
111	2019-03-26T10:04:38	0.2398	0.3129	0.1529	0.4488	62.75	-28.79	-17.17	414.54	540.82	773.08	0.2446	0.3222	0.3222	0.1534	0.4547	63.52	-30.07	-14.22	465.26	612.81	823.86	13095	0.035	0.0367	476.85	13.26	148.37	488.9				2.0563	71.5	60.3	80.1	83.4	59.8	68.1	80.1	84	56.1	0	66.4	54.8	70.6	63.3	88.2	50.5	3.2	5.7			
112	2019-03-26T10:05:09	0.24	0.3131	0.1529	0.4489	62.77	-28.8	-17.09	412.37	537.98	767.71	0.2448	0.3224	0.3224	0.1535	0.4549	63.54	-30.06	-14.14	462.81	609.51	818.09	13010	0.035	0.0366	476.85	13.17	148.55	488.9				2.0448	71.5	60.3	80.2	83.4	59.8	68.1	80.1	84	56	0	66.4	54.8	70.7	63.3	88.1	50.5	3.2	5.7			
113	2019-03-26T10:05:38	0.2401	0.3133	0.1529	0.449	62.78	-28.83	-17.05	420.3	548.46	782	0.2449	0.3226	0.3226	0.1535	0.4549	63.55	-30.09	-14.1	471.71	621.35	833.28	13002	0.035	0.0367	476.85	13.4	148.68	488.9				2.0841	71.5	60.2	80.2	83.4	59.8	68.1	80.1	84	56	0	66.4	54.8	70.7	63.3	88.1	50.5	3.2	5.7			
114	2019-03-26T10:06:09	0.237	0.3084	0.1523	0.4457	62.37	-28.36	-18.66	298.71	388.61	572.85	0.2417	0.318	0.318	0.1527	0.4519	63.17	-29.83	-15.65	335.4	441.31	611.22	13928	0.035	0.0365	476.85	9.72	147.8	488.3				1.4968	71.4	60.1	80.1	83.2	59.6	68.1	80.1	84	56.2	0	66.2	54.5	70.9	63.1	88	50.5	3.2	5.8			
115	2019-03-26T10:06:42	0.2288	0.2935	0.1509	0.4356	61.09	-26.46	-23.43	122.16	156.69	255.05	0.2328	0.3039	0.3039	0.1507	0.4425	61.99	-28.57	-20.29	137.31	179.24	273.27	17835	0.034	0.0354	476.85	4.2	146.06	486.7				0.6308	71.6	60	80	82.8	59.7	68.5	80.2	84.4	57.2	0	66.1	54.3	71.9	62.9	87.9	51	3.5	6			
116	2019-03-26T10:07:12	0.2279	0.2912	0.151	0.434	60.89	-26	-24.13	101.72	129.97	214.66	0.2318	0.3017	0.3017	0.1506	0.441	61.8	-28.21	-20.99	114.34	148.83	230.18	19051	0.033	0.0351	476.85	3.52	145.91	486.4				0.5271	72	60.4	80.1	83.3	60.2	68.9	80.4	84.8	58	0	66	54.9	72	63.2	88.2	51.6	3.5	6			
117	2019-03-26T10:07:43	0.2284	0.2921	0.151	0.4346	60.96	-26.11	-23.85	103.24	132.02	216.78	0.2323	0.3025	0.3025	0.1507	0.4416	61.87	-28.28	-20.72	116.04	151.1	232.4	18518	0.033	0.0351	476.85	3.55	146.15	486.5				0.534	71.9	60.4	80.1	83.2	60.2	68.8	80.4	84.7	57.8	0	66.2	54.8	72.1	63.2	88.1	51.5	3.5	6			
118	2019-03-26T10:08:09	0.2356	0.3065	0.1518	0.4444	62.21	-28.31	-19.31	292.44	380.45	568.46	0.2401	0.3162	0.3162	0.1521	0.4507	63.03	-29.86	-16.28	328.46	432.52	606.8	14377	0.035	0.0366	476.85	9.62	147.28	488.1				1.4722	71.2	59.7	79.9	83	59.3	67.9	79.9	84	56	0	65.9	54.2	70.8	62.8	87.9	50.2	3.3	5.8			
119	2019-03-26T10:08:39	0.2373	0.3091	0.1523	0.4462	62.43	-28.5	-18.45	332.89	433.58	636.36	0.2419	0.3186	0.3186	0.1527	0.4523	63.23	-29.95	-15.44	373.77	492.26	678.81	13731	0.035	0.0366	476.85	10.83	147.63	488.4				1.6666	71.3	59.9	80	83	59.4	67.9	80	83.9	55.9	0	66.3	54.3	70.9	63	87.9	50.3	3.2	5.8			
120	2019-03-26T10:09:09	0.2392	0.3124	0.1526	0.4484	62.71	-28.86	-17.37	435.22	568.28	815.67	0.244	0.3218	0.3218	0.1532	0.4544	63.49	-30.17	-14.4	488.54	644.16	869.25	13236	0.036	0.0368	476.85	13.96	148.07	488.8				2.1642	71.4	60.1	80	83.3	59.6	68	80	84	56	0	66.2	54.6	70.5	63.1	88.1	50.3	3.2	5.8			
121	2019-03-26T10:09:39	0.239	0.312	0.1526	0.4481	62.68	-28.82	-17.5	428.82	559.75	805.51	0.2438	0.3214	0.3214	0.1531	0.4542	63.46	-30.14	-14.52	481.37	634.62	858.52	13237	0.036	0.0368	476.85	13.79	148.03	488.8				2.134	71.3	60	80.1	83.2	59.5	67.9	80	83.9	55.9	0	66.3	54.5	70.6	63.1	88	50.3	3.2	5.8			
122	2019-03-26T10:10:09	0.2389	0.3119	0.1526	0.4481	62.67	-28.82	-17.53	423.54	552.87	796.17	0.2437	0.3213	0.3213	0.1531	0.4541	63.45	-30.15	-14.55	475.44	626.86	848.59	13268	0.036	0.0368	476.85	13.63	147.94	488.8				2.1086	71.3	60	80	83.2	59.6	67.9	80	83.9	55.9	0	66.2	54.5	70.6	63.1	88	50.3	3.2	5.8			
123	2019-03-26T10:10:39	0.2388	0.3118	0.1525	0.448	62.66	-28.82	-17.59	424.08	553.61	798.11	0.2436	0.3212	0.3212	0.153	0.454	63.44	-30.16	-14.6	476.05	627.74	850.63	13280	0.036	0.0368	476.85	13.66	147.79	488.7				2.1116	71.3	60	80	83.1	59.5	67.9	80	83.9	55.9	0	66.2	54.4	70.6	63	88	50.3	3.2	5.8			
124	2019-03-26T10:11:09	0.239	0.3121	0.1525	0.4482	62.68	-28.86	-17.49	421.87	550.87	792.58	0.2437	0.3215	0.3215	0.1531	0.4542	63.46	-30.19	-14.51	473.56	624.57	844.69	13237	0.036	0.0368	476.85	13.56	147.9	488.8				2.0994	71.3	60	80	83.2	59.5	67.9	80	83.9	55.9	0	66.2	54.5	70.6	63.1	88	50.3	3.2	5.8			
125	2019-03-26T10:11:39	0.2393	0.3124	0.1527	0.4484	62.71	-28.83	-17.37	417.3	544.69	781.76	0.2441	0.3218	0.3218	0.1532	0.4544	63.49	-30.14	-14.39	468.39	617.43	833.09	13201	0.036	0.0368	476.85	13.39	148.03	488.8				2.0747	71.4	60.2	80.1	83.3	59.7	68	80	84	56.1	0	66.3	54.7	70.6	63.2	88.1	50.5	3.2	5.8			
126	2019-03-26T10:12:09	0.2374	0.3094	0.1522	0.4464	62.46	-28.59	-18.35	335.74	437.6	640.98	0.2421	0.319	0.319	0.1526	0.4526	63.26	-30.03	-15.35	376.96	496.77	683.62	13723	0.035	0.0367	476.85	10.91	147.49	488.5				1.6805	71.3	59.9	80	83.1	59.5	67.9	80	84	56	0	66.2	54.3	70.8	63	88	50.3	3.2	5.8			
127	2019-03-26T10:12:39	0.2388	0.3117	0.1525	0.448	62.65	-28.83	-17.59	402.73	525.77	758.05	0.2435	0.3212	0.3212	0.153	0.454	63.44	-30.17	-14.6	452.08	596.2	807.94	13280	0.036	0.0368	476.85	12.97	147.86	488.7				2.0053	71.3	60	80	83.1	59.5	67.9	80	83.9	55.9	0	66.3	54.4	70.6	63	88	50.3	3.2	5.8			
128	2019-03-26T10:13:09	0.2388	0.3116	0.1526	0.4479	62.65	-28.77	-17.61	379.93	495.73	715.03	0.2436	0.3211	0.3211	0.1531	0.4539	63.43	-30.11	-14.63	426.48	562.12	762.16	13280	0.035	0.0367	476.85	12.22	148.04	488.7				1.8918	71.3	60.1	80.1	83.2	59.6	68	80	83.9	56	0	66.3	54.5	70.7	63.1	88	50.4	3.2	5.8			
129	2019-03-26T10:13:39	0.2399	0.3134	0.1528	0.449	62.79	-28.94	-17.05	409.09	534.4	761.89	0.2447	0.3227	0.3227	0.1534	0.455	63.56	-30.21	-14.08	459.15	605.47	811.73	13006	0.036	0.0368	476.85	13.05	148.48	488.9				2.0297	71.4	60.1	80.1	83.3	59.7	68	80	83.9	55.9	0	66.3	54.6	70.6	63.2	88.1	50.4	3.2	5.7			
130	2019-03-26T10:14:09	0.2384	0.3109	0.1525	0.4474	62.59	-28.68	-17.84	340.1	443.49	642.74	0.2432	0.3204	0.3204	0.153	0.4535	63.38	-30.05	-14.85	381.79	503.05	685.26	13436	0.035	0.0367	476.85	10.97	147.99	488.6				1.6961	71.4	60.1	80.1	83.2	59.7	68	80	84	56.1	0	66.3	54.6	70.7	63.1	88	50.5	3.2	5.8			
131	2019-03-26T10:14:09	0.2325	0.2991	0.1518	0.4396	61.58	-26.94	-21.57	104.62	134.61	210.78	0.2367	0.3092	0.3092	0.1518	0.4462	62.44	-28.82	-18.5	117.51	153.51	225.51	16009	0.034	0.0355	476.85	3.5	146.98	487.3				0.5336	72	60.7	80.3	83.3	60.3	68.8	80.4	84.6	57.6	0	66.6	55.1	71.9	63.5	88.1	51.6	3.3	5.9			
132	2019-03-26T10:14:36	0.2373	0.3096	0.1521	0.4465	62.47	-28.7	-18.31	288.23	376.06	550.34	0.242	0.3192	0.3192	0.1525	0.4527	63.28	-30.13	-15.3	323.65	426.9	586.9	13723	0.036	0.0368	476.85	9.37	147.59	488.5				1.4423	71.2	59.8	79.9	83	59.3	67.8	79.9	83.9	55.8	0	66	54.2	70.6	62.8	87.9	50.1	3.2	5.8			
133	2019-03-26T10:15:08	0.2329	0.3011	0.1516	0.4408	61.75	-27.48	-21	115.67	149.52	231.35	0.2372	0.3111	0.3111	0.1516	0.4474	62.6	-29.28	-17.92	129.93	170.4	247.34	15647	0.034	0.036	476.85	3.87	146.78	487.5				0.5887	71.6	60.2	80	83.2	59.8	68.4	80.1	84.4	57	0	66.1	54.6	71.3	63.1	88	51	3.3	5.9			
134	2019-03-26T10:15:38	0.2329	0.3014	0.1514	0.441	61.77	-27.61	-20.94	125.97	163.03	251.96	0.2372	0.3114	0.3114	0.1515	0.4475	62.63	-29.4	-17.86	141.52	185.79	269.34	15562	0.035	0.0362	476.85	4.22	146.73	487.5				0.6411	71.4	59.9	80	83	59.6	68.2	80	84.2	56.7	0	66	54.3	71.2	62.9	87.9	50.7	3.3	5.9			
135	2019-03-26T10:16:11	0.2337	0.3004	0.1523	0.4405	61.69	-26.91	-21.09	72.08	92.68	143.72	0.2379	0.3103	0.3103	0.1523	0.447	62.53	-28.71	-18.06	80.95	105.6	153.74	15562	0.034	0.0353	476.85	2.39	147.87	487.4				0.3656	72.2	61	80.5	83.4	60.6	69	80.6	84.6	57.7	0	66.9	55.5	72	63.8	88.2	51.9	3.3	5.9		KY	
136	2019-03-26T10:16:42	0.2322	0.2978	0.152	0.4387	61.47	-26.57	-21.93	58	74.38	117.37	0.2363	0.3078	0.3078	0.1519	0.4453	62.32	-28.47	-18.88	65.15	84.86	125.67	16206	0.033	0.0351	476.85	1.94	147.49	487.1				0.2957	72.2	60.9	80.5	83.3	60.5	69	80.6	84.6	57.8	0	66.9	55.3	72.2	63.8	88.2	51.9	3.3	6		KX	
137	2019-03-26T10:17:13	0.2317	0.2968	0.152	0.438	61.37	-26.42	-22.26	49.55	63.46	100.84	0.2357	0.3068	0.3068	0.1518	0.4446	62.24	-28.36	-19.21	55.66	72.44	107.99	16607	0.033	0.035	476.85	1.67	147.49	487				0.2528	72.2	61	80.5	83.5	60.6	69.1	80.6	84.8	58	0	66.8	55.5	72.2	63.8	88.3	52	3.3	6		JZ	
138	2019-03-26T10:17:43	0.2314	0.2964	0.1519	0.4377	61.34	-26.39	-22.4	43.73	56.01	89.25	0.2354	0.3064	0.3064	0.1518	0.4444	62.2	-28.34	-19.35	49.13	63.94	95.6	16643	0.033	0.035	476.85	1.47	147.36	486.9				0.2232	72.1	60.8	80.4	83.4	60.5	69	80.6	84.7	57.8	0	66.8	55.2	72.2	63.7	88.2	51.9	3.3	6			
139	2019-03-26T10:18:13	0.2309	0.2957	0.1517	0.4372	61.28	-26.38	-22.64	39.28	50.31	80.56	0.2349	0.3058	0.3058	0.1515	0.4439	62.15	-28.35	-19.57	44.13	57.46	86.31	16994	0.033	0.0351	476.85	1.33	147.4	486.9				0.2003	72.1	60.7	80.3	83.4	60.4	68.9	80.5	84.7	57.8	0	66.5	55.1	72.1	63.5	88.2	51.7	3.4	6.1			
140	2019-03-26T10:18:43	0.2303	0.2952	0.1515	0.4368	61.23	-26.43	-22.84	35.71	45.77	73.59	0.2343	0.3053	0.3053	0.1513	0.4435	62.11	-28.42	-19.76	40.14	52.29	78.86	17284	0.033	0.0352	476.85	1.21	146.9	486.8				0.1817	72	60.5	80.2	83.4	60.2	68.7	80.4	84.7	57.7	0	66.3	54.9	71.9	63.3	88.2	51.6	3.4	6.1			
141	2019-03-26T10:19:13	0.2303	0.2946	0.1517	0.4365	61.18	-26.21	-22.99	33.06	42.29	68.21	0.2343	0.3047	0.3047	0.1514	0.4432	62.06	-28.24	-19.91	37.15	48.32	73.1	17284	0.033	0.0349	476.85	1.12	146.85	486.7				0.1688	72.1	60.7	80.4	83.3	60.5	69	80.5	84.8	57.9	0	66.6	55.2	72.2	63.6	88.2	51.9	3.4	6.1			
142	2019-03-26T10:19:44	0.23	0.294	0.1516	0.436	61.13	-26.11	-23.17	30.83	39.4	63.79	0.234	0.3042	0.3042	0.1514	0.4428	62.01	-28.17	-20.09	34.64	45.03	68.38	17496	0.033	0.0349	476.85	1.05	146.78	486.7				0.1575	72.2	60.8	80.4	83.4	60.5	69	80.6	84.8	58.1	0	66.6	55.2	72.3	63.6	88.2	52	3.4	6.1			
143	2019-03-26T10:20:14	0.2299	0.2935	0.1517	0.4357	61.09	-25.99	-23.32	29	37.03	60.14	0.2338	0.3037	0.3037	0.1514	0.4425	61.97	-28.07	-20.24	32.59	42.33	64.47	17666	0.033	0.0348	476.85	0.99	146.74	486.6				0.1481	72.3	60.9	80.4	83.5	60.6	69.1	80.6	84.9	58.2	0	66.7	55.4	72.3	63.7	88.3	52.1	3.4	6.1			
144	2019-03-26T10:20:44	0.2297	0.2934	0.1516	0.4356	61.08	-26.02	-23.36	27.76	35.46	57.64	0.2336	0.3036	0.3036	0.1513	0.4424	61.96	-28.1	-20.28	31.2	40.54	61.79	17742	0.033	0.0348	476.85	0.94	146.86	486.6				0.1416	72.2	60.8	80.4	83.4	60.5	69	80.6	84.8	58	0	66.6	55.2	72.2	63.6	88.2	52	3.4	6.1			
145	2019-03-26T10:21:14	0.2299	0.2932	0.1518	0.4356	61.07	-25.89	-23.38	26.86	34.26	55.71	0.2338	0.3034	0.3034	0.1515	0.4423	61.95	-27.97	-20.31	30.18	39.17	59.74	17742	0.033	0.0346	476.85	0.91	147.05	486.6				0.1373	72.4	61.1	80.5	83.5	60.8	69.2	80.7	85	58.4	0	66.8	55.6	72.4	63.8	88.3	52.3	3.4	6.1			
146	2019-03-26T10:21:44	0.2298	0.2929	0.1518	0.4354	61.04	-25.81	-23.47	25.94	33.07	53.87	0.2337	0.3032	0.3032	0.1515	0.4422	61.93	-27.91	-20.39	29.14	37.81	57.76	17742	0.033	0.0346	476.85	0.88	147.06	486.6				0.1327	72.4	61.1	80.5	83.5	60.8	69.3	80.7	84.9	58.4	0	66.9	55.5	72.5	63.9	88.3	52.4	3.4	6.1			
147	2019-03-26T10:22:14	0.2297	0.2926	0.1518	0.4352	61.01	-25.72	-23.56	25.17	32.05	52.33	0.2336	0.3028	0.3028	0.1515	0.442	61.9	-27.84	-20.48	28.27	36.66	56.11	17829	0.033	0.0345	476.85	0.85	147.03	486.5				0.1287	72.4	61.2	80.6	83.4	60.8	69.3	80.8	84.9	58.5	0	67	55.6	72.6	63.9	88.3	52.4	3.4	6.1			
148	2019-03-26T10:22:44	0.2298	0.2926	0.1519	0.4351	61.01	-25.67	-23.57	24.6	31.33	51.14	0.2336	0.3028	0.3028	0.1516	0.4419	61.89	-27.79	-20.49	27.64	35.82	54.85	17829	0.032	0.0344	476.85	0.84	147.2	486.5				0.1259	72.5	61.3	80.6	83.5	61	69.4	80.8	85	58.6	0	67.1	55.8	72.7	64	88.3	52.6	3.4	6.1			
149	2019-03-26T10:23:14	0.2297	0.2925	0.1519	0.4351	61	-25.68	-23.6	24.16	30.76	50.26	0.2336	0.3027	0.3027	0.1515	0.4419	61.89	-27.79	-20.52	27.15	35.18	53.9	17843	0.032	0.0344	476.85	0.82	147.12	486.5				0.1237	72.5	61.2	80.6	83.5	60.9	69.4	80.8	85	58.5	0	67	55.7	72.7	64	88.3	52.5	3.4	6.1			
150	2019-03-26T10:23:44	0.2297	0.2923	0.1519	0.435	60.99	-25.61	-23.64	23.86	30.36	49.64	0.2336	0.3025	0.3025	0.1516	0.4418	61.87	-27.74	-20.56	26.81	34.72	53.24	17881	0.032	0.0344	476.85	0.81	147.36	486.5				0.1222	72.6	61.3	80.7	83.5	61	69.5	80.9	85	58.7	0	67.2	55.8	72.7	64.1	88.3	52.7	3.4	6.1			
151	2019-03-26T10:24:14	0.2295	0.2921	0.1518	0.4348	60.97	-25.65	-23.71	23.55	29.98	49.09	0.2333	0.3024	0.3024	0.1515	0.4416	61.86	-27.79	-20.63	26.46	34.29	52.65	18073	0.032	0.0344	476.85	0.8	146.72	486.5				0.1208	72.5	61.2	80.6	83.5	61	69.4	80.8	85	58.6	0	67	55.7	72.6	64	88.3	52.6	3.4	6.1			
152	2019-03-26T10:24:45	0.2292	0.2921	0.1516	0.4347	60.96	-25.76	-23.76	23.16	29.52	48.38	0.2331	0.3023	0.3023	0.1513	0.4416	61.86	-27.89	-20.67	26.03	33.77	51.89	18151	0.033	0.0346	476.85	0.79	146.5	486.5				0.1183	72.4	61	80.5	83.5	60.7	69.2	80.7	85	58.4	0	66.7	55.5	72.5	63.8	88.3	52.3	3.4	6.2			
153	2019-03-26T10:25:14	0.2295	0.2919	0.1519	0.4347	60.95	-25.57	-23.77	22.94	29.18	47.84	0.2333	0.3021	0.3021	0.1515	0.4415	61.84	-27.71	-20.69	25.77	33.38	51.32	18077	0.032	0.0344	476.85	0.78	147.16	486.4				0.1177	72.6	61.4	80.6	83.5	61.1	69.5	80.9	85.1	58.7	0	67.1	55.8	72.7	64.1	88.3	52.7	3.4	6.1			
154	2019-03-26T10:25:44	0.2294	0.2918	0.1519	0.4346	60.94	-25.54	-23.82	22.51	28.62	46.97	0.2332	0.302	0.302	0.1515	0.4414	61.83	-27.69	-20.74	25.29	32.74	50.39	18151	0.032	0.0343	476.85	0.77	147.02	486.4				0.1156	72.6	61.3	80.6	83.6	61.1	69.5	80.8	85.1	58.8	0	67.1	55.8	72.7	64.1	88.4	52.7	3.4	6.1			
155	2019-03-26T10:26:14	0.2291	0.2918	0.1516	0.4346	60.94	-25.69	-23.84	21.92	27.92	45.84	0.2329	0.3021	0.3021	0.1513	0.4414	61.83	-27.83	-20.76	24.63	31.94	49.17	18345	0.033	0.0346	476.85	0.75	146.6	486.4				0.1121	72.4	61.1	80.5	83.6	60.8	69.3	80.7	85	58.5	0	66.7	55.6	72.4	63.8	88.3	52.4	3.4	6.2			
156	2019-03-26T10:26:44	0.2288	0.2918	0.1514	0.4345	60.94	-25.84	-23.86	21.26	27.12	44.55	0.2327	0.3022	0.3022	0.1511	0.4414	61.84	-27.99	-20.76	23.9	31.04	47.78	18488	0.033	0.0348	476.85	0.73	146.96	486.5				0.1083	72.3	60.8	80.3	83.5	60.6	69.1	80.6	85	58.3	0	66.4	55.3	72.2	63.6	88.3	52.1	3.4	6.2			
157	2019-03-26T10:27:14	0.2295	0.2917	0.152	0.4346	60.93	-25.47	-23.81	20.95	26.62	43.69	0.2333	0.3019	0.3019	0.1516	0.4414	61.82	-27.61	-20.74	23.54	30.46	46.88	18151	0.032	0.0342	476.85	0.71	147.22	486.4				0.1076	72.7	61.4	80.7	83.7	61.2	69.6	80.9	85.1	58.9	0	67.1	55.9	72.8	64.2	88.4	52.8	3.4	6.1			
158	2019-03-26T10:27:44	0.2296	0.2918	0.152	0.4346	60.94	-25.47	-23.78	20.42	25.95	42.56	0.2334	0.302	0.302	0.1516	0.4415	61.83	-27.61	-20.71	22.94	29.69	45.66	18073	0.032	0.0342	476.85	0.7	147.11	486.4				0.1048	72.7	61.5	80.7	83.6	61.2	69.6	80.9	85.1	58.8	0	67.2	56	72.9	64.2	88.4	52.8	3.4	6.1			
159	2019-03-26T10:28:14	0.2295	0.2917	0.1519	0.4346	60.94	-25.49	-23.81	19.95	25.36	41.61	0.2333	0.302	0.302	0.1516	0.4414	61.82	-27.63	-20.74	22.41	29.01	44.64	18151	0.032	0.0343	476.85	0.68	147.21	486.4				0.1025	72.7	61.4	80.7	83.6	61.2	69.6	80.9	85.1	58.8	0	67.2	55.9	72.8	64.2	88.4	52.8	3.4	6.1			
160	2019-03-26T10:28:44	0.2295	0.2917	0.152	0.4346	60.94	-25.48	-23.81	19.53	24.82	40.72	0.2333	0.302	0.302	0.1516	0.4414	61.82	-27.62	-20.74	21.94	28.39	43.69	18151	0.032	0.0343	476.85	0.66	147.09	486.4				0.1003	72.7	61.5	80.7	83.7	61.2	69.6	80.9	85.2	58.9	0	67.2	56	72.8	64.2	88.4	52.9	3.4	6.1			
161	2019-03-26T10:29:14	0.2292	0.2916	0.1517	0.4345	60.93	-25.6	-23.88	18.93	24.09	39.58	0.233	0.3019	0.3019	0.1514	0.4413	61.82	-27.75	-20.79	21.27	27.56	42.46	18345	0.032	0.0344	476.85	0.64	146.7	486.4				0.0966	72.5	61.2	80.5	83.6	61	69.4	80.8	85.1	58.7	0	66.8	55.7	72.6	63.9	88.4	52.6	3.4	6.2			
162	2019-03-26T10:29:44	0.2296	0.2916	0.1521	0.4345	60.92	-25.4	-23.83	18.45	23.44	38.48	0.2334	0.3018	0.3018	0.1517	0.4413	61.81	-27.54	-20.76	20.73	26.81	41.28	18151	0.032	0.0341	476.85	0.63	146.99	486.4				0.0946	72.8	61.6	80.7	83.7	61.3	69.7	81	85.2	59	0	67.3	56.1	72.8	64.3	88.4	53	3.4	6.1			
163	2019-03-26T10:30:14	0.2296	0.2914	0.1521	0.4344	60.91	-25.34	-23.88	17.71	22.48	36.95	0.2334	0.3017	0.3017	0.1517	0.4412	61.8	-27.51	-20.8	19.89	25.72	39.64	18162	0.032	0.0341	476.85	0.6	146.97	486.4				0.0908	72.8	61.7	80.8	83.6	61.4	69.8	81	85.2	59.2	0	67.5	56.2	73	64.4	88.4	53.2	3.4	6.1			
164	2019-03-26T10:30:44	0.2296	0.2914	0.1521	0.4344	60.9	-25.33	-23.9	16.93	21.49	35.32	0.2333	0.3016	0.3016	0.1517	0.4412	61.79	-27.49	-20.83	19.02	24.58	37.9	18162	0.032	0.0341	476.85	0.58	146.8	486.4				0.0867	72.8	61.6	80.8	83.7	61.3	69.7	81	85.2	59.1	0	67.3	56.1	72.9	64.3	88.4	53.1	3.4	6.1			
165	2019-03-26T10:31:14	0.2296	0.2913	0.1521	0.4343	60.9	-25.29	-23.91	16.09	20.42	33.58	0.2334	0.3015	0.3015	0.1518	0.4412	61.79	-27.44	-20.84	18.08	23.36	36.03	18162	0.032	0.034	476.85	0.55	147.26	486.3				0.0823	72.8	61.7	80.8	83.7	61.4	69.7	81	85.2	59.1	0	67.4	56.1	72.9	64.4	88.5	53.1	3.4	6.1			
166	2019-03-26T10:31:44	0.2281	0.2909	0.1512	0.4338	60.86	-25.79	-24.19	15.12	19.29	31.89	0.232	0.3011	0.3011	0.1509	0.4407	61.75	-27.9	-21.1	17.01	22.07	34.22	19051	0.033	0.0348	476.85	0.52	146.72	486.4				0.077	72.1	60.4	80	83.8	60.4	68.8	80.4	85.1	58	0	65.7	55	71.9	63.1	88.4	51.7	3.5	6.2			
167	2019-03-26T10:32:14	0.2293	0.2912	0.152	0.4342	60.89	-25.38	-23.97	14.58	18.51	30.48	0.2331	0.3014	0.3014	0.1516	0.441	61.77	-27.51	-20.91	16.38	21.17	32.71	18518	0.032	0.0342	464.06	0.5	146.71	486.3				0.0744	72.7	61.4	80.6	83.9	61.2	69.5	80.9	85.3	59	0	66.9	56	72.6	64.1	88.6	52.8	3.4	6.2			
168	2019-03-26T10:32:44	0.2295	0.2914	0.1521	0.4344	60.91	-25.35	-23.89	14.09	17.89	29.41	0.2333	0.3016	0.3016	0.1517	0.4412	61.79	-27.47	-20.84	15.83	20.46	31.56	18162	0.032	0.0341	476.85	0.48	147.57	486.4				0.0717	72.7	61.4	80.7	83.7	61.1	69.5	81	85.1	58.8	0	67.2	55.9	72.8	64.2	88.4	52.8	3.4	6.2			
169	2019-03-26T10:33:14	0.2298	0.2914	0.1523	0.4344	60.91	-25.21	-23.86	13.86	17.57	28.86	0.2336	0.3015	0.3015	0.1519	0.4412	61.78	-27.32	-20.82	15.57	20.09	30.98	18103	0.032	0.0339	473.2	0.47	147.57	486.3				0.0708	72.9	61.7	80.8	83.9	61.5	69.7	81	85.3	59.2	0	67.3	56.3	72.9	64.4	88.6	53.2	3.4	6.1			
170	2019-03-26T10:33:45	0.2299	0.2917	0.1522	0.4346	60.93	-25.29	-23.79	13.72	17.41	28.56	0.2337	0.3018	0.3018	0.1519	0.4413	61.8	-27.38	-20.75	15.42	19.91	30.65	18073	0.032	0.034	462.22	0.46	147.49	486.4				0.07	72.8	61.5	80.8	83.9	61.3	69.6	81	85.2	58.9	0	67.1	56.1	72.8	64.3	88.6	52.9	3.4	6.2			
171	2019-03-26T10:34:15	0.2304	0.2917	0.1526	0.4347	60.93	-25.08	-23.73	13.96	17.67	28.95	0.2342	0.3017	0.3017	0.1522	0.4414	61.8	-27.17	-20.71	15.68	20.2	31.07	17863	0.032	0.0337	464.06	0.47	147.64	486.4				0.0716	73.1	62	81	84	61.7	70	81.2	85.4	59.4	0	67.7	56.6	73.1	64.7	88.6	53.5	3.3	6.1			
172	2019-03-26T10:34:45	0.2296	0.2916	0.1521	0.4345	60.92	-25.37	-23.85	14.08	17.87	29.35	0.2334	0.3016	0.3016	0.1518	0.4412	61.8	-27.46	-20.81	15.82	20.44	31.5	18151	0.032	0.0341	473.2	0.48	147.2	486.4				0.0717	72.7	61.4	80.7	83.9	61.2	69.5	80.9	85.2	58.8	0	67	55.9	72.7	64.1	88.5	52.7	3.4	6.2			
173	2019-03-26T10:35:15	0.2301	0.2918	0.1524	0.4347	60.94	-25.23	-23.73	14.49	18.38	30.11	0.2339	0.3018	0.3018	0.152	0.4414	61.81	-27.32	-20.7	16.28	21.01	32.31	17884	0.032	0.0339	471.37	0.49	148.24	486.4				0.074	72.9	61.7	80.9	83.9	61.4	69.7	81.1	85.3	59	0	67.4	56.2	72.9	64.4	88.5	53.1	3.3	6.1			
174	2019-03-26T10:35:45	0.2301	0.2919	0.1524	0.4347	60.95	-25.25	-23.71	14.9	18.9	30.95	0.234	0.3019	0.3019	0.152	0.4415	61.82	-27.34	-20.68	16.74	21.61	33.22	17884	0.032	0.0339	462.22	0.5	147.58	486.4				0.0759	72.8	61.6	80.8	83.9	61.4	69.7	81.1	85.2	58.9	0	67.4	56.2	72.9	64.4	88.5	53	3.3	6.2			
175	2019-03-26T10:36:15	0.2305	0.2918	0.1526	0.4348	60.94	-25.07	-23.68	15.44	19.55	32	0.2343	0.3018	0.3018	0.1523	0.4415	61.81	-27.16	-20.66	17.34	22.35	34.34	17829	0.032	0.0336	476.85	0.52	147.99	486.4				0.079	73.1	62.1	81	84	61.8	70	81.3	85.4	59.5	0	67.8	56.7	73.2	64.8	88.6	53.5	3.3	6.1			
176	2019-03-26T10:36:45	0.2306	0.2922	0.1526	0.435	60.97	-25.16	-23.59	15.83	20.06	32.76	0.2344	0.3022	0.3022	0.1523	0.4417	61.84	-27.24	-20.56	17.78	22.93	35.16	17742	0.032	0.0337	473.2	0.53	147.95	486.4				0.0808	73.1	62	81	83.9	61.7	70	81.2	85.3	59.3	0	67.7	56.6	73.1	64.7	88.6	53.5	3.3	6.1			
177	2019-03-26T10:37:15	0.2302	0.292	0.1524	0.4348	60.96	-25.27	-23.67	16.18	20.52	33.57	0.234	0.302	0.302	0.152	0.4415	61.83	-27.36	-20.64	18.17	23.46	36.03	17835	0.032	0.0339	467.72	0.55	147.88	486.4				0.0826	72.9	61.7	80.9	83.8	61.4	69.7	81.1	85.2	59	0	67.4	56.2	73	64.5	88.5	53.1	3.3	6.1			
178	2019-03-26T10:37:45	0.2301	0.292	0.1523	0.4348	60.95	-25.32	-23.7	16.53	20.98	34.35	0.2339	0.302	0.302	0.1519	0.4415	61.83	-27.42	-20.65	18.58	23.99	36.86	17884	0.032	0.034	476.85	0.56	147.81	486.4				0.0844	72.8	61.7	80.8	83.8	61.4	69.7	81	85.2	59	0	67.4	56.2	72.9	64.4	88.5	53.1	3.3	6.1			
179	2019-03-26T10:38:15	0.2304	0.292	0.1525	0.4348	60.95	-25.19	-23.66	16.97	21.51	35.2	0.2341	0.302	0.302	0.1521	0.4415	61.83	-27.28	-20.64	19.07	24.59	37.78	17829	0.032	0.0338	476.85	0.57	148.08	486.4				0.0868	73	61.9	80.9	83.9	61.6	69.9	81.2	85.3	59.3	0	67.6	56.5	73.1	64.6	88.6	53.4	3.3	6.1			
180	2019-03-26T10:38:45	0.2298	0.2919	0.1521	0.4347	60.95	-25.43	-23.73	17.12	21.75	35.64	0.2336	0.302	0.302	0.1518	0.4415	61.83	-27.53	-20.68	19.24	24.87	38.24	17908	0.032	0.0342	476.85	0.58	148.04	486.4				0.0871	72.6	61.3	80.7	83.7	61	69.4	80.9	85.1	58.7	0	67.1	55.7	72.7	64.1	88.4	52.7	3.4	6.2			
181	2019-03-26T10:39:15	0.23	0.2919	0.1523	0.4347	60.95	-25.32	-23.72	17.52	22.23	36.42	0.2338	0.302	0.302	0.1519	0.4415	61.82	-27.41	-20.68	19.69	25.42	39.08	17884	0.032	0.034	469.55	0.59	147.93	486.4				0.0894	72.7	61.5	80.8	83.8	61.2	69.6	81	85.1	58.8	0	67.3	56	72.8	64.3	88.5	52.8	3.4	6.1			
182	2019-03-26T10:39:45	0.2305	0.292	0.1526	0.4348	60.95	-25.15	-23.65	17.99	22.79	37.29	0.2342	0.302	0.302	0.1522	0.4415	61.83	-27.24	-20.63	20.21	26.06	40.02	17829	0.032	0.0337	476.85	0.61	148.26	486.4				0.0921	73.1	62	81	84	61.7	69.9	81.2	85.3	59.3	0	67.6	56.6	73.1	64.7	88.6	53.4	3.3	6.1			
183	2019-03-26T10:40:15	0.2304	0.2922	0.1524	0.435	60.97	-25.26	-23.61	18.34	23.26	38.01	0.2342	0.3022	0.3022	0.1521	0.4417	61.84	-27.34	-20.58	20.6	26.59	40.8	17822	0.032	0.0339	476.85	0.62	147.72	486.4				0.0931	72.9	61.8	80.9	83.9	61.5	69.8	81.1	85.3	59	0	67.4	56.4	73	64.5	88.6	53.1	3.3	6.1			
184	2019-03-26T10:40:45	0.2302	0.292	0.1524	0.4349	60.96	-25.28	-23.66	18.69	23.71	38.78	0.234	0.3021	0.3021	0.152	0.4416	61.84	-27.37	-20.62	21	27.1	41.62	17829	0.032	0.0339	476.85	0.63	147.85	486.4				0.0948	72.9	61.7	80.9	83.9	61.5	69.8	81.1	85.2	59	0	67.4	56.3	72.9	64.5	88.6	53.1	3.3	6.2			
185	2019-03-26T10:41:15	0.2302	0.2922	0.1523	0.435	60.97	-25.33	-23.62	19.15	24.3	39.72	0.2341	0.3022	0.3022	0.152	0.4417	61.85	-27.4	-20.58	21.52	27.78	42.62	17829	0.032	0.034	473.2	0.65	147.86	486.4				0.0977	72.8	61.6	80.8	83.8	61.4	69.7	81.1	85.2	58.8	0	67.3	56.2	72.9	64.4	88.5	52.9	3.4	6.1			
186	2019-03-26T10:41:45	0.2301	0.2923	0.1522	0.435	60.98	-25.41	-23.61	19.41	24.65	40.29	0.234	0.3023	0.3023	0.1519	0.4417	61.85	-27.47	-20.57	21.81	28.18	43.23	17829	0.032	0.0341	476.85	0.66	147.77	486.4				0.0989	72.7	61.5	80.7	83.8	61.2	69.5	81	85.2	58.7	0	67.2	56	72.7	64.2	88.5	52.8	3.4	6.1			
187	2019-03-26T10:42:15	0.23	0.2924	0.1521	0.4351	60.99	-25.52	-23.58	19.71	25.05	40.92	0.2339	0.3025	0.3025	0.1518	0.4418	61.87	-27.58	-20.54	22.14	28.64	43.9	17829	0.032	0.0342	476.85	0.67	147.96	486.5				0.1004	72.5	61.2	80.6	83.7	61	69.4	80.9	85.1	58.5	0	67	55.8	72.6	64	88.4	52.5	3.4	6.1			
188	2019-03-26T10:42:45	0.2297	0.2925	0.1518	0.4351	61	-25.7	-23.59	19.97	25.43	41.55	0.2336	0.3026	0.3026	0.1516	0.4418	61.88	-27.75	-20.54	22.45	29.08	44.57	17863	0.032	0.0345	473.2	0.68	147.61	486.5				0.1011	72.2	60.8	80.5	83.6	60.6	69	80.7	84.9	57.9	0	66.6	55.3	72.4	63.7	88.3	51.9	3.4	6.2			
189	2019-03-26T10:43:15	0.2294	0.2922	0.1517	0.4348	60.97	-25.72	-23.71	20.3	25.85	42.34	0.2333	0.3023	0.3023	0.1514	0.4416	61.85	-27.78	-20.65	22.81	29.57	45.42	18073	0.032	0.0345	476.85	0.69	147.69	486.5				0.1033	72.2	60.7	80.4	83.6	60.6	69	80.6	84.9	58	0	66.5	55.3	72.3	63.6	88.4	51.9	3.4	6.2			
190	2019-03-26T10:43:45	0.2302	0.2923	0.1523	0.435	60.98	-25.4	-23.6	20.92	26.57	43.41	0.234	0.3023	0.3023	0.152	0.4417	61.85	-27.46	-20.57	23.51	30.37	46.58	17829	0.032	0.0341	476.85	0.71	148.08	486.4				0.1067	72.7	61.5	80.7	83.8	61.3	69.6	81	85.2	58.8	0	67.2	56.1	72.8	64.3	88.5	52.8	3.4	6.1			
191	2019-03-26T10:44:15	0.2299	0.2922	0.1521	0.4349	60.97	-25.46	-23.65	21.29	27.05	44.24	0.2338	0.3022	0.3022	0.1518	0.4416	61.85	-27.52	-20.62	23.92	30.93	47.48	17863	0.032	0.0342	476.85	0.72	147.84	486.4				0.1085	72.5	61.2	80.7	83.7	61	69.4	80.9	85.1	58.4	0	67	55.8	72.7	64	88.4	52.5	3.4	6.1			
192	2019-03-26T10:44:45	0.2299	0.2921	0.1521	0.4349	60.97	-25.46	-23.68	21.74	27.63	45.21	0.2337	0.3022	0.3022	0.1518	0.4416	61.84	-27.52	-20.64	24.43	31.59	48.52	17884	0.032	0.0342	476.85	0.74	147.89	486.4				0.1108	72.5	61.2	80.7	83.7	61	69.4	80.9	85	58.4	0	67	55.8	72.7	64.1	88.4	52.5	3.4	6.1			
193	2019-03-26T10:45:15	0.2302	0.2922	0.1523	0.435	60.97	-25.34	-23.62	22.39	28.42	46.45	0.234	0.3022	0.3022	0.152	0.4417	61.85	-27.42	-20.59	25.16	32.49	49.84	17829	0.032	0.034	476.85	0.76	147.78	486.4				0.1145	72.8	61.6	80.8	83.8	61.3	69.7	81.1	85.1	58.8	0	67.4	56.2	72.9	64.4	88.5	52.9	3.4	6.1			
194	2019-03-26T10:45:45	0.2301	0.2923	0.1522	0.435	60.98	-25.41	-23.61	22.87	29.04	47.46	0.234	0.3023	0.3023	0.1519	0.4417	61.85	-27.47	-20.58	25.69	33.2	50.93	17829	0.032	0.0341	476.85	0.77	148.51	486.4				0.1168	72.7	61.5	80.7	83.8	61.2	69.6	81	85.1	58.7	0	67.2	56	72.8	64.2	88.5	52.8	3.4	6.1			
195	2019-03-26T10:46:15	0.2301	0.2923	0.1522	0.435	60.98	-25.44	-23.61	23.25	29.53	48.26	0.2339	0.3023	0.3023	0.1519	0.4417	61.85	-27.5	-20.58	26.12	33.76	51.79	17829	0.032	0.0341	476.85	0.79	148.19	486.4				0.1187	72.6	61.4	80.7	83.7	61.2	69.5	80.9	85.1	58.6	0	67.1	56	72.8	64.2	88.5	52.7	3.4	6.1			
196	2019-03-26T10:46:45	0.2298	0.2922	0.152	0.4349	60.98	-25.55	-23.65	23.44	29.8	48.75	0.2337	0.3023	0.3023	0.1517	0.4417	61.85	-27.61	-20.61	26.34	34.08	52.31	17884	0.032	0.0343	476.85	0.79	147.82	486.5				0.1195	72.5	61.1	80.6	83.6	60.9	69.3	80.8	85	58.3	0	66.9	55.7	72.6	63.9	88.4	52.4	3.4	6.2			
197	2019-03-26T10:47:15	0.2302	0.2922	0.1523	0.435	60.98	-25.34	-23.61	23.86	30.29	49.5	0.2341	0.3023	0.3023	0.152	0.4417	61.85	-27.42	-20.58	26.81	34.62	53.11	17829	0.032	0.034	476.85	0.81	147.83	486.4				0.1222	72.8	61.6	80.8	83.8	61.4	69.7	81	85.2	58.9	0	67.3	56.2	72.9	64.4	88.5	53	3.3	6.1			
198	2019-03-26T10:47:45	0.2299	0.292	0.1521	0.4348	60.96	-25.43	-23.69	24.05	30.55	50.02	0.2337	0.3021	0.3021	0.1518	0.4415	61.83	-27.5	-20.66	27.03	34.94	53.68	17884	0.032	0.0341	476.85	0.82	148.03	486.4				0.1224	72.6	61.3	80.7	83.6	61.1	69.4	81	85	58.3	0	67.1	55.9	72.8	64.1	88.4	52.5	3.4	6.1			
199	2019-03-26T10:48:16	0.2299	0.2919	0.1522	0.4348	60.95	-25.38	-23.72	24.33	30.89	50.6	0.2337	0.302	0.302	0.1519	0.4415	61.83	-27.47	-20.68	27.34	35.32	54.3	17884	0.032	0.0341	462.22	0.82	147.97	486.4				0.1246	72.7	61.5	80.8	83.7	61.2	69.6	81	85.1	58.7	0	67.3	56	72.9	64.3	88.4	52.8	3.4	6.1			
200	2019-03-26T10:48:46	0.2294	0.2916	0.1519	0.4345	60.93	-25.51	-23.85	24.47	31.11	51.1	0.2332	0.3017	0.3017	0.1516	0.4412	61.8	-27.59	-20.81	27.5	35.58	54.84	18162	0.032	0.0343	476.85	0.83	148.02	486.4				0.1251	72.4	61	80.5	83.7	60.9	69.3	80.8	85.1	58.3	0	66.8	55.6	72.6	63.8	88.4	52.3	3.4	6.1			
201	2019-03-26T10:49:16	0.2296	0.2916	0.1521	0.4345	60.92	-25.38	-23.84	24.89	31.61	51.91	0.2334	0.3017	0.3017	0.1517	0.4412	61.8	-27.49	-20.8	27.97	36.15	55.71	18151	0.032	0.0341	476.85	0.85	147.97	486.4				0.1274	72.7	61.4	80.7	83.8	61.2	69.5	80.9	85.1	58.7	0	67.1	56	72.8	64.2	88.5	52.8	3.4	6.1			
202	2019-03-26T10:49:46	0.2294	0.2915	0.1519	0.4344	60.91	-25.44	-23.89	25.31	32.16	52.86	0.2332	0.3016	0.3016	0.1516	0.4412	61.79	-27.54	-20.84	28.44	36.78	56.73	18345	0.032	0.0342	464.06	0.86	147.65	486.4				0.1294	72.6	61.3	80.6	83.8	61.1	69.4	80.9	85.2	58.6	0	66.9	55.9	72.6	64	88.5	52.6	3.4	6.1			
203	2019-03-26T10:50:16	0.2295	0.2915	0.152	0.4344	60.91	-25.39	-23.88	25.99	33.01	54.24	0.2333	0.3016	0.3016	0.1517	0.4412	61.79	-27.5	-20.83	29.21	37.75	58.22	18162	0.032	0.0342	476.85	0.88	148.02	486.4				0.1333	72.6	61.3	80.7	83.7	61.1	69.5	80.9	85.1	58.7	0	67.1	55.9	72.8	64.1	88.4	52.7	3.4	6.1			
204	2019-03-26T10:50:46	0.2288	0.2914	0.1515	0.4343	60.91	-25.68	-23.98	26.41	33.64	55.39	0.2326	0.3016	0.3016	0.1512	0.4411	61.79	-27.8	-20.9	29.69	38.49	59.43	18518	0.033	0.0346	476.85	0.9	147.13	486.4				0.1349	72.3	60.8	80.4	83.6	60.7	69.1	80.6	85	58.3	0	66.5	55.4	72.3	63.6	88.3	52.1	3.4	6.2			
205	2019-03-26T10:51:16	0.2293	0.2916	0.1518	0.4344	60.92	-25.53	-23.89	27.3	34.72	57.05	0.2331	0.3017	0.3017	0.1515	0.4412	61.8	-27.64	-20.82	30.68	39.71	61.23	18345	0.032	0.0343	476.85	0.93	147.72	486.4				0.1401	72.5	61.2	80.6	83.7	61	69.4	80.8	85.1	58.5	0	66.8	55.8	72.6	64	88.4	52.5	3.4	6.1			
206	2019-03-26T10:51:46	0.2291	0.2915	0.1517	0.4344	60.91	-25.58	-23.92	27.84	35.42	58.25	0.2329	0.3016	0.3016	0.1514	0.4412	61.8	-27.68	-20.86	31.29	40.52	62.51	18488	0.032	0.0344	476.85	0.95	147.83	486.4				0.1428	72.5	61	80.4	83.8	60.9	69.3	80.7	85.1	58.5	0	66.6	55.7	72.4	63.8	88.5	52.3	3.4	6.1			
207	2019-03-26T10:52:16	0.229	0.2915	0.1517	0.4344	60.92	-25.63	-23.91	28.28	36	59.19	0.2329	0.3017	0.3017	0.1514	0.4412	61.8	-27.73	-20.85	31.79	41.18	63.52	18488	0.032	0.0345	464.06	0.96	147.62	486.4				0.145	72.4	60.9	80.4	83.7	60.8	69.2	80.7	85.1	58.4	0	66.5	55.5	72.4	63.7	88.4	52.2	3.4	6.1			
208	2019-03-26T10:52:46	0.2291	0.2915	0.1517	0.4344	60.91	-25.59	-23.92	28.51	36.28	59.68	0.2329	0.3017	0.3017	0.1514	0.4412	61.8	-27.7	-20.86	32.05	41.51	64.04	18505	0.032	0.0344	476.85	0.97	147.75	486.4				0.1461	72.4	61	80.4	83.7	60.9	69.3	80.7	85.1	58.4	0	66.6	55.6	72.4	63.8	88.4	52.3	3.4	6.1			
209	2019-03-26T10:53:16	0.2291	0.2915	0.1517	0.4344	60.91	-25.59	-23.92	28.55	36.33	59.75	0.2329	0.3017	0.3017	0.1514	0.4412	61.8	-27.69	-20.85	32.1	41.57	64.13	18488	0.032	0.0344	476.85	0.97	147.62	486.4				0.1462	72.4	61	80.4	83.7	60.9	69.3	80.7	85.1	58.4	0	66.6	55.6	72.4	63.8	88.4	52.3	3.4	6.1			
210	2019-03-26T10:53:46	0.2295	0.2915	0.152	0.4344	60.91	-25.42	-23.88	28.47	36.17	59.44	0.2333	0.3016	0.3016	0.1516	0.4412	61.79	-27.53	-20.83	32	41.37	63.79	18162	0.032	0.0342	476.85	0.97	147.89	486.4				0.1462	72.6	61.3	80.7	83.6	61	69.4	80.9	85.1	58.6	0	67.1	55.8	72.8	64.1	88.4	52.6	3.4	6.1			
211	2019-03-26T10:54:16	0.2294	0.2914	0.152	0.4343	60.9	-25.38	-23.92	28.18	35.78	58.85	0.2332	0.3015	0.3015	0.1517	0.4411	61.78	-27.5	-20.86	31.67	40.93	63.16	18345	0.032	0.0342	465.89	0.96	147.75	486.4				0.1445	72.7	61.4	80.7	83.8	61.2	69.5	80.9	85.2	58.7	0	67	56	72.7	64.2	88.5	52.7	3.4	6.1			
212	2019-03-26T10:54:46	0.2291	0.2911	0.1518	0.4341	60.88	-25.45	-24.02	27.86	35.4	58.35	0.2329	0.3013	0.3013	0.1515	0.4409	61.76	-27.56	-20.97	31.31	40.5	62.63	18518	0.032	0.0343	476.85	0.95	147.65	486.3				0.1425	72.5	61	80.5	83.8	60.9	69.3	80.8	85.1	58.4	0	66.6	55.7	72.5	63.8	88.4	52.3	3.4	6.2			
213	2019-03-26T10:55:16	0.2293	0.2913	0.1519	0.4343	60.9	-25.4	-23.95	27.83	35.35	58.17	0.2331	0.3014	0.3014	0.1516	0.4411	61.78	-27.52	-20.89	31.27	40.44	62.44	18483	0.032	0.0342	476.85	0.95	147.68	486.4				0.1427	72.7	61.4	80.6	83.9	61.2	69.5	80.9	85.2	58.8	0	66.9	56	72.6	64.1	88.5	52.7	3.4	6.1			
214	2019-03-26T10:55:46	0.2293	0.2912	0.152	0.4342	60.89	-25.38	-23.96	27.86	35.38	58.24	0.2331	0.3014	0.3014	0.1516	0.441	61.77	-27.5	-20.91	31.3	40.47	62.51	18488	0.032	0.0342	476.85	0.95	147.7	486.4				0.1428	72.7	61.4	80.6	83.9	61.2	69.5	80.9	85.2	58.8	0	66.9	56	72.6	64.1	88.5	52.7	3.4	6.1			
215	2019-03-26T10:56:16	0.2294	0.2913	0.152	0.4343	60.9	-25.38	-23.94	28.08	35.66	58.67	0.2332	0.3014	0.3014	0.1517	0.4411	61.78	-27.49	-20.89	31.56	40.79	62.98	18375	0.032	0.0342	476.85	0.95	147.76	486.4				0.1439	72.7	61.3	80.6	83.8	61.2	69.5	80.9	85.2	58.7	0	66.9	55.9	72.7	64.1	88.5	52.7	3.4	6.1			
216	2019-03-26T10:56:46	0.2294	0.2914	0.152	0.4343	60.9	-25.39	-23.92	28.37	36.03	59.26	0.2332	0.3015	0.3015	0.1517	0.4411	61.78	-27.5	-20.86	31.88	41.22	63.6	18345	0.032	0.0342	476.85	0.96	147.75	486.4				0.1453	72.6	61.3	80.6	83.8	61.1	69.5	80.9	85.1	58.6	0	66.9	55.9	72.7	64.1	88.5	52.6	3.4	6.1			
217	2019-03-26T10:57:17	0.2293	0.2913	0.152	0.4343	60.9	-25.39	-23.95	28.71	36.46	60.01	0.2332	0.3014	0.3014	0.1516	0.4411	61.78	-27.51	-20.89	32.26	41.71	64.41	18375	0.032	0.0342	476.85	0.98	147.83	486.4				0.147	72.6	61.3	80.6	83.8	61.1	69.5	80.9	85.1	58.7	0	66.9	55.9	72.7	64.1	88.5	52.6	3.4	6.1			
218	2019-03-26T10:57:46	0.2294	0.2913	0.152	0.4343	60.9	-25.39	-23.93	29.08	36.93	60.75	0.2332	0.3015	0.3015	0.1517	0.4411	61.78	-27.49	-20.88	32.68	42.24	65.2	18345	0.032	0.0342	476.85	0.99	147.63	486.4				0.1487	72.6	61.3	80.6	83.8	61.1	69.4	80.9	85.1	58.6	0	66.9	55.9	72.7	64.1	88.5	52.5	3.4	6.1			
219	2019-03-26T10:58:16	0.2295	0.2915	0.152	0.4344	60.92	-25.4	-23.87	29.61	37.61	61.8	0.2333	0.3016	0.3016	0.1517	0.4412	61.8	-27.51	-20.82	33.28	43.02	66.33	18162	0.032	0.0342	476.85	1.01	147.96	486.4				0.1515	72.6	61.3	80.7	83.7	61	69.4	80.9	85.1	58.5	0	67	55.8	72.7	64.1	88.4	52.5	3.4	6.1			
220	2019-03-26T10:58:46	0.2295	0.2916	0.152	0.4345	60.92	-25.41	-23.86	30.13	38.28	62.88	0.2333	0.3017	0.3017	0.1517	0.4412	61.8	-27.52	-20.81	33.86	43.78	67.48	18162	0.032	0.0342	476.85	1.02	147.91	486.4				0.1541	72.6	61.3	80.7	83.7	61.1	69.5	80.9	85.1	58.6	0	67.1	55.9	72.8	64.1	88.4	52.6	3.4	6.1			
221	2019-03-26T10:59:16	0.2298	0.2917	0.1522	0.4346	60.93	-25.34	-23.78	30.61	38.86	63.73	0.2336	0.3018	0.3018	0.1519	0.4414	61.81	-27.43	-20.74	34.4	44.44	68.4	18073	0.032	0.0341	476.85	1.04	148.15	486.4				0.1569	72.7	61.5	80.7	83.8	61.3	69.6	81	85.2	58.8	0	67.2	56.1	72.8	64.3	88.5	52.8	3.4	6.1			
222	2019-03-26T10:59:46	0.2298	0.2915	0.1522	0.4345	60.92	-25.29	-23.83	30.89	39.18	64.33	0.2336	0.3016	0.3016	0.1519	0.4412	61.8	-27.39	-20.79	34.7	44.81	69.05	18090	0.032	0.034	476.85	1.05	148.11	486.4				0.1582	72.8	61.5	80.8	83.8	61.3	69.6	81	85.2	58.8	0	67.3	56.1	72.9	64.3	88.5	52.9	3.4	6.1			
223	2019-03-26T11:00:16	0.2297	0.2916	0.1522	0.4345	60.92	-25.33	-23.82	31.12	39.5	64.84	0.2335	0.3017	0.3017	0.1518	0.4413	61.8	-27.43	-20.78	34.97	45.18	69.59	18090	0.032	0.0341	476.85	1.06	148.03	486.4				0.1593	72.7	61.5	80.7	83.7	61.2	69.6	81	85.1	58.7	0	67.2	56	72.8	64.2	88.4	52.8	3.4	6.1			
224	2019-03-26T11:00:46	0.2296	0.2914	0.1521	0.4344	60.9	-25.3	-23.89	31.31	39.73	65.3	0.2334	0.3015	0.3015	0.1518	0.4411	61.78	-27.41	-20.84	35.18	45.44	70.09	18162	0.032	0.034	476.85	1.06	148.17	486.4				0.1605	72.7	61.5	80.7	83.7	61.2	69.6	81	85.1	58.7	0	67.2	56	72.9	64.2	88.4	52.8	3.4	6.1			
225	2019-03-26T11:01:16	0.2295	0.2912	0.1521	0.4343	60.89	-25.29	-23.94	31.47	39.93	65.7	0.2333	0.3014	0.3014	0.1518	0.441	61.77	-27.41	-20.89	35.36	45.67	70.52	18345	0.032	0.034	476.85	1.07	147.98	486.3				0.1613	72.8	61.5	80.7	83.8	61.3	69.6	81	85.2	58.9	0	67.1	56.1	72.8	64.3	88.5	52.8	3.4	6.1			
226	2019-03-26T11:01:46	0.2294	0.291	0.1521	0.4341	60.87	-25.26	-24.01	31.62	40.11	66.09	0.2332	0.3012	0.3012	0.1517	0.4409	61.75	-27.39	-20.96	35.53	45.88	70.94	18518	0.032	0.034	476.85	1.07	147.95	486.3				0.162	72.8	61.6	80.7	83.9	61.4	69.7	81	85.3	59	0	67.1	56.2	72.8	64.3	88.6	52.9	3.4	6.1			
227	2019-03-26T11:02:16	0.2293	0.2909	0.1521	0.434	60.86	-25.24	-24.06	31.81	40.35	66.56	0.2331	0.301	0.301	0.1517	0.4408	61.74	-27.38	-21.01	35.75	46.16	71.45	18518	0.032	0.034	476.85	1.08	148	486.3				0.1631	72.7	61.5	80.7	83.8	61.3	69.6	81	85.2	58.8	0	67.1	56.1	72.8	64.3	88.5	52.8	3.4	6.1			
228	2019-03-26T11:02:47	0.2293	0.2908	0.1521	0.4339	60.85	-25.22	-24.09	32.08	40.68	67.14	0.2331	0.3009	0.3009	0.1517	0.4407	61.73	-27.37	-21.03	36.05	46.54	72.08	18518	0.032	0.034	476.85	1.09	147.87	486.3				0.1644	72.8	61.5	80.7	83.8	61.3	69.6	81	85.2	58.8	0	67.2	56.1	72.9	64.3	88.5	52.8	3.4	6.1			
229	2019-03-26T11:03:17	0.2291	0.2906	0.152	0.4338	60.83	-25.22	-24.15	32.42	41.12	67.95	0.2329	0.3008	0.3008	0.1516	0.4406	61.72	-27.38	-21.09	36.43	47.05	72.95	18639	0.032	0.034	476.85	1.1	147.73	486.3				0.1661	72.7	61.5	80.7	83.8	61.3	69.6	81	85.2	58.9	0	67.1	56.1	72.8	64.2	88.5	52.8	3.4	6.1			
230	2019-03-26T11:03:47	0.2291	0.2906	0.152	0.4338	60.83	-25.23	-24.16	32.91	41.74	69	0.2329	0.3007	0.3007	0.1516	0.4406	61.72	-27.38	-21.1	36.99	47.77	74.08	18639	0.032	0.034	476.85	1.12	147.64	486.3				0.1687	72.7	61.5	80.7	83.8	61.3	69.6	81	85.2	58.8	0	67.1	56.1	72.8	64.2	88.5	52.8	3.4	6.1			
231	2019-03-26T11:04:17	0.229	0.2906	0.1519	0.4338	60.83	-25.27	-24.17	33.42	42.4	70.1	0.2328	0.3008	0.3008	0.1516	0.4406	61.72	-27.42	-21.11	37.56	48.52	75.26	18639	0.032	0.0341	476.85	1.14	147.68	486.3				0.1714	72.7	61.4	80.7	83.7	61.2	69.6	80.9	85.2	58.8	0	67	56	72.8	64.1	88.5	52.7	3.4	6.1			
232	2019-03-26T11:04:47	0.229	0.2905	0.1519	0.4337	60.82	-25.26	-24.2	33.84	42.93	71.03	0.2327	0.3007	0.3007	0.1515	0.4405	61.71	-27.42	-21.13	38.03	49.14	76.24	18660	0.032	0.0341	476.85	1.15	147.58	486.3				0.1735	72.7	61.4	80.7	83.7	61.2	69.5	80.9	85.1	58.7	0	67	56	72.8	64.1	88.4	52.7	3.4	6.1			
233	2019-03-26T11:05:17	0.2291	0.2904	0.1521	0.4337	60.82	-25.15	-24.2	34.3	43.48	71.93	0.2329	0.3006	0.3006	0.1517	0.4405	61.7	-27.31	-21.15	38.55	49.75	77.23	18639	0.032	0.0339	462.22	1.17	147.71	486.3				0.1765	72.8	61.6	80.8	83.8	61.4	69.7	81	85.3	59	0	67.2	56.2	72.9	64.3	88.5	53	3.4	6.1			
234	2019-03-26T11:05:47	0.2287	0.2903	0.1518	0.4336	60.81	-25.31	-24.27	34.56	43.87	72.68	0.2325	0.3005	0.3005	0.1514	0.4404	61.7	-27.46	-21.2	38.85	50.22	78.03	19051	0.032	0.0342	476.85	1.18	147.86	486.3				0.1772	72.6	61.2	80.5	83.9	61.1	69.5	80.9	85.2	58.6	0	66.6	55.9	72.6	64	88.5	52.5	3.4	6.1			
235	2019-03-26T11:06:17	0.229	0.2902	0.1521	0.4335	60.8	-25.11	-24.27	35.06	44.42	73.6	0.2328	0.3004	0.3004	0.1517	0.4404	61.69	-27.29	-21.21	39.4	50.84	79.02	18729	0.032	0.0339	476.85	1.19	147.68	486.2				0.1804	72.8	61.6	80.8	83.8	61.4	69.8	81.1	85.2	59	0	67.3	56.2	73	64.4	88.5	53	3.4	6.1			
236	2019-03-26T11:06:47	0.229	0.2901	0.1521	0.4335	60.79	-25.11	-24.28	35.52	45.01	74.59	0.2327	0.3003	0.3003	0.1516	0.4403	61.68	-27.29	-21.22	39.92	51.52	80.09	19051	0.032	0.0339	476.85	1.21	147.71	486.2				0.1827	73	61.8	80.8	84.1	61.6	69.9	81.1	85.4	59.4	0	67.1	56.5	72.8	64.4	88.7	53.2	3.4	6.1			
237	2019-03-26T11:07:17	0.2289	0.2901	0.152	0.4334	60.79	-25.12	-24.31	35.88	45.46	75.39	0.2326	0.3003	0.3003	0.1516	0.4403	61.68	-27.31	-21.25	40.32	52.04	80.94	19051	0.032	0.034	476.85	1.22	147.48	486.2				0.1846	72.9	61.7	80.7	84	61.6	69.8	81	85.4	59.3	0	67.1	56.4	72.8	64.4	88.6	53.1	3.4	6.1			
238	2019-03-26T11:07:47	0.2289	0.2902	0.152	0.4335	60.8	-25.16	-24.28	35.96	45.58	75.53	0.2327	0.3004	0.3004	0.1516	0.4404	61.69	-27.34	-21.21	40.41	52.17	81.09	19051	0.032	0.034	476.85	1.23	147.4	486.2				0.1849	72.9	61.7	80.7	84	61.6	69.8	81	85.4	59.3	0	67	56.4	72.8	64.4	88.6	53.1	3.4	6.1			
239	2019-03-26T11:08:17	0.2288	0.2901	0.152	0.4334	60.79	-25.16	-24.31	35.87	45.47	75.4	0.2326	0.3003	0.3003	0.1516	0.4403	61.68	-27.35	-21.24	40.31	52.05	80.95	19051	0.032	0.034	476.85	1.23	147.51	486.2				0.1845	72.9	61.7	80.7	84	61.5	69.8	81	85.3	59.2	0	67	56.4	72.8	64.4	88.6	53.1	3.4	6.1			
240	2019-03-26T11:08:47	0.2288	0.2899	0.152	0.4333	60.78	-25.13	-24.36	35.75	45.31	75.22	0.2325	0.3002	0.3002	0.1515	0.4402	61.67	-27.33	-21.29	40.18	51.88	80.76	19098	0.032	0.034	476.85	1.22	147.64	486.2				0.1839	72.9	61.7	80.7	83.9	61.5	69.8	81	85.3	59.2	0	67.1	56.3	72.9	64.3	88.6	53.1	3.4	6.1			
241	2019-03-26T11:09:17	0.2286	0.2897	0.1519	0.4332	60.76	-25.14	-24.44	35.73	45.3	75.32	0.2323	0.3	0.3	0.1514	0.4401	61.65	-27.35	-21.37	40.16	51.86	80.87	19098	0.032	0.034	476.85	1.22	147.29	486.2				0.1838	72.8	61.5	80.7	83.8	61.3	69.7	81	85.2	59	0	67	56.1	72.9	64.2	88.5	52.9	3.4	6.1			
242	2019-03-26T11:09:47	0.2288	0.2897	0.152	0.4332	60.75	-25.03	-24.43	36.01	45.59	75.79	0.2325	0.2999	0.2999	0.1516	0.44	61.65	-27.24	-21.36	40.46	52.2	81.38	19098	0.032	0.0339	476.85	1.23	147.47	486.2				0.1857	73	61.8	80.8	83.9	61.6	69.9	81.1	85.4	59.3	0	67.2	56.4	73	64.5	88.6	53.2	3.4	6.1			
243	2019-03-26T11:10:17	0.2288	0.2897	0.152	0.4332	60.75	-25.03	-24.43	36.15	45.77	76.08	0.2325	0.2999	0.2999	0.1516	0.4401	61.65	-27.25	-21.36	40.62	52.4	81.69	19098	0.032	0.0339	476.85	1.23	147.56	486.2				0.1863	73	61.8	80.8	83.9	61.6	69.9	81.1	85.4	59.4	0	67.3	56.5	73	64.5	88.6	53.3	3.4	6.1			
244	2019-03-26T11:10:47	0.2285	0.2897	0.1519	0.4331	60.75	-25.13	-24.46	36.09	45.75	76.09	0.2323	0.2999	0.2999	0.1514	0.44	61.65	-27.35	-21.38	40.56	52.38	81.69	19098	0.032	0.034	476.85	1.24	147.14	486.2				0.1857	72.8	61.6	80.7	83.8	61.4	69.7	81	85.3	59.1	0	67.1	56.2	72.9	64.3	88.5	53	3.4	6.1			
245	2019-03-26T11:11:17	0.2289	0.2897	0.1521	0.4332	60.76	-25	-24.4	36.15	45.76	76.03	0.2326	0.3	0.3	0.1517	0.4401	61.65	-27.21	-21.33	40.62	52.39	81.63	19098	0.032	0.0338	476.85	1.23	147.59	486.2				0.1863	73	61.9	80.8	84	61.7	70	81.1	85.4	59.4	0	67.3	56.6	73	64.6	88.6	53.3	3.4	6.1			
246	2019-03-26T11:11:47	0.2287	0.2898	0.152	0.4332	60.76	-25.1	-24.4	35.94	45.54	75.65	0.2325	0.3001	0.3001	0.1515	0.4401	61.66	-27.31	-21.32	40.39	52.13	81.22	19098	0.032	0.034	464.06	1.23	147.48	486.2				0.1846	72.9	61.7	80.8	83.9	61.5	69.8	81.1	85.3	59.2	0	67.1	56.3	72.9	64.4	88.6	53.1	3.4	6.1			
247	2019-03-26T11:12:17	0.2289	0.29	0.152	0.4334	60.78	-25.11	-24.34	36.04	45.66	75.77	0.2326	0.3002	0.3002	0.1516	0.4402	61.67	-27.31	-21.27	40.49	52.27	81.34	19051	0.032	0.0339	476.85	1.23	147.33	486.2				0.185	72.9	61.7	80.8	83.9	61.5	69.8	81.1	85.3	59.2	0	67.1	56.4	72.9	64.4	88.6	53.1	3.4	6.1			
248	2019-03-26T11:12:47	0.2289	0.2901	0.152	0.4334	60.79	-25.11	-24.31	36.28	45.96	76.22	0.2327	0.3003	0.3003	0.1516	0.4403	61.68	-27.3	-21.25	40.76	52.61	81.83	19051	0.032	0.0339	476.85	1.24	147.43	486.2				0.1863	73	61.8	80.8	84	61.6	69.9	81.1	85.4	59.3	0	67.1	56.4	72.9	64.4	88.6	53.1	3.4	6.1			
249	2019-03-26T11:13:17	0.2291	0.2903	0.1521	0.4336	60.81	-25.13	-24.25	36.71	46.52	77.04	0.2328	0.3005	0.3005	0.1516	0.4404	61.7	-27.32	-21.18	41.25	53.25	82.7	18697	0.032	0.0339	476.85	1.25	147.53	486.2				0.1885	72.9	61.7	80.8	83.7	61.4	69.8	81.1	85.2	59.1	0	67.3	56.3	73	64.4	88.5	53.1	3.4	6.1			
250	2019-03-26T11:13:47	0.2292	0.2904	0.1521	0.4337	60.82	-25.13	-24.21	37.46	47.47	78.54	0.2329	0.3006	0.3006	0.1517	0.4405	61.71	-27.31	-21.14	42.09	54.33	84.31	18639	0.032	0.0339	476.85	1.28	147.49	486.2				0.1923	72.9	61.7	80.8	83.8	61.5	69.8	81.1	85.2	59.1	0	67.4	56.3	73	64.4	88.5	53.1	3.4	6.1			
251	2019-03-26T11:14:17	0.2293	0.2905	0.1521	0.4338	60.83	-25.14	-24.16	38.25	48.47	80.12	0.233	0.3007	0.3007	0.1517	0.4406	61.72	-27.32	-21.09	42.97	55.47	86	18639	0.032	0.0339	476.85	1.3	147.37	486.3				0.1963	72.9	61.8	80.8	83.8	61.5	69.8	81.1	85.3	59.2	0	67.3	56.4	73	64.5	88.5	53.2	3.4	6.1			
252	2019-03-26T11:14:47	0.2294	0.2907	0.1522	0.4339	60.85	-25.16	-24.09	39.14	49.6	81.88	0.2331	0.3009	0.3009	0.1518	0.4407	61.73	-27.33	-21.03	43.97	56.76	87.89	18518	0.032	0.0339	476.85	1.33	147.54	486.3				0.2009	72.9	61.7	80.8	83.8	61.5	69.8	81.1	85.2	59.1	0	67.4	56.3	73	64.5	88.5	53.1	3.4	6.1			
253	2019-03-26T11:15:17	0.2295	0.2909	0.1522	0.434	60.86	-25.15	-24.04	40.15	50.88	83.91	0.2333	0.301	0.301	0.1518	0.4408	61.74	-27.32	-20.98	45.11	58.22	90.07	18518	0.032	0.0339	476.85	1.37	147.4	486.3				0.2061	73	61.8	80.9	83.9	61.6	69.9	81.1	85.3	59.2	0	67.4	56.5	73	64.5	88.5	53.2	3.4	6.1			
254	2019-03-26T11:15:47	0.2296	0.2911	0.1522	0.4342	60.88	-25.2	-23.96	41.24	52.28	86.06	0.2334	0.3013	0.3013	0.1518	0.441	61.77	-27.35	-20.9	46.33	59.81	92.36	18345	0.032	0.0339	476.85	1.4	147.54	486.3				0.2115	72.9	61.8	80.9	83.8	61.5	69.9	81.1	85.2	59.2	0	67.4	56.4	73	64.5	88.5	53.2	3.4	6.1			
255	2019-03-26T11:16:17	0.2297	0.2912	0.1523	0.4343	60.89	-25.18	-23.92	42.3	53.62	88.2	0.2335	0.3014	0.3014	0.1519	0.4411	61.77	-27.34	-20.86	47.52	61.34	94.65	18162	0.032	0.0339	476.85	1.44	147.48	486.3				0.2169	72.9	61.8	80.9	83.7	61.5	69.8	81.2	85.2	59.1	0	67.6	56.4	73.1	64.5	88.4	53.1	3.4	6.1			
256	2019-03-26T11:16:47	0.2299	0.2914	0.1523	0.4344	60.91	-25.2	-23.85	43.45	55.09	90.48	0.2337	0.3016	0.3016	0.1519	0.4412	61.79	-27.35	-20.8	48.81	63.01	97.09	18090	0.032	0.0339	476.85	1.47	147.73	486.3				0.2227	72.9	61.8	80.9	83.7	61.5	69.9	81.2	85.2	59.1	0	67.6	56.4	73.1	64.6	88.5	53.2	3.4	6.1			
257	2019-03-26T11:17:18	0.2299	0.2915	0.1523	0.4345	60.91	-25.2	-23.84	44.63	56.58	92.92	0.2337	0.3016	0.3016	0.1519	0.4412	61.79	-27.35	-20.79	50.14	64.72	99.71	18073	0.032	0.0339	476.85	1.51	147.63	486.3				0.2289	72.9	61.8	80.9	83.7	61.5	69.9	81.2	85.2	59.1	0	67.6	56.4	73.1	64.6	88.5	53.2	3.4	6.1			
258	2019-03-26T11:17:48	0.23	0.2916	0.1523	0.4346	60.92	-25.23	-23.8	45.83	58.11	95.33	0.2338	0.3017	0.3017	0.152	0.4413	61.8	-27.36	-20.74	51.48	66.46	102.3	18073	0.032	0.0339	476.85	1.55	147.66	486.4				0.235	72.9	61.8	80.9	83.8	61.5	69.9	81.2	85.2	59.1	0	67.6	56.4	73.1	64.6	88.5	53.2	3.4	6.1			
259	2019-03-26T11:18:18	0.2302	0.2917	0.1524	0.4346	60.93	-25.17	-23.76	47.06	59.64	97.77	0.2339	0.3018	0.3018	0.152	0.4414	61.81	-27.31	-20.71	52.86	68.2	104.92	17884	0.032	0.0338	476.85	1.59	147.8	486.4				0.2418	73	62	81	83.7	61.6	69.9	81.2	85.2	59.2	0	67.8	56.5	73.3	64.7	88.4	53.3	3.3	6			
260	2019-03-26T11:18:48	0.23	0.2916	0.1524	0.4345	60.92	-25.19	-23.81	47.88	60.69	99.59	0.2338	0.3017	0.3017	0.152	0.4413	61.8	-27.33	-20.75	53.79	69.42	106.87	18073	0.032	0.0339	476.85	1.62	147.75	486.4				0.2461	73	61.9	81	83.7	61.6	69.9	81.2	85.2	59.2	0	67.7	56.5	73.2	64.7	88.5	53.3	3.4	6			
261	2019-03-26T11:19:18	0.2299	0.2915	0.1523	0.4345	60.91	-25.24	-23.84	48.49	61.5	100.98	0.2336	0.3017	0.3017	0.1519	0.4413	61.8	-27.38	-20.78	54.48	70.34	108.36	18073	0.032	0.0339	476.85	1.65	147.58	486.4				0.2494	72.9	61.8	80.9	83.7	61.5	69.8	81.1	85.2	59.1	0	67.6	56.4	73.1	64.5	88.4	53.2	3.4	6		JZ	
262	2019-03-26T11:19:48	0.2298	0.2912	0.1523	0.4343	60.89	-25.19	-23.91	48.84	61.92	101.83	0.2335	0.3014	0.3014	0.1519	0.4411	61.78	-27.35	-20.85	54.87	70.83	109.28	18162	0.032	0.0339	476.85	1.66	147.65	486.3				0.2514	72.9	61.9	80.9	83.6	61.5	69.9	81.2	85.2	59.2	0	67.6	56.4	73.2	64.6	88.4	53.2	3.4	6		JZ	
263	2019-03-26T11:20:18	0.2297	0.2912	0.1522	0.4343	60.89	-25.21	-23.93	49.34	62.56	102.92	0.2334	0.3014	0.3014	0.1518	0.4411	61.77	-27.37	-20.87	55.43	71.57	110.45	18345	0.032	0.0339	476.85	1.68	147.53	486.3				0.2539	73	61.9	80.9	83.8	61.6	69.9	81.1	85.3	59.3	0	67.5	56.5	73.1	64.6	88.5	53.3	3.4	6		JZ	
264	2019-03-26T11:20:48	0.2299	0.2913	0.1523	0.4344	60.9	-25.16	-23.88	48.57	61.54	101.15	0.2336	0.3015	0.3015	0.1519	0.4412	61.78	-27.31	-20.83	54.56	70.4	108.56	18151	0.032	0.0338	476.85	1.65	147.53	486.3				0.2497	73	61.9	81	83.7	61.6	70	81.2	85.2	59.3	0	67.7	56.5	73.2	64.7	88.5	53.3	3.4	6		JZ	
265	2019-03-26T11:21:18	0.23	0.2914	0.1524	0.4344	60.91	-25.16	-23.85	48.26	61.15	100.43	0.2337	0.3016	0.3016	0.152	0.4412	61.79	-27.31	-20.79	54.21	69.95	107.77	18073	0.032	0.0338	476.85	1.64	147.66	486.3				0.248	73	62	81	83.7	61.6	70	81.2	85.2	59.3	0	67.8	56.5	73.2	64.7	88.4	53.4	3.4	6		JZ	